 11 7184.101600 1.430E-24 1.134E+00.03890.250 1810.58770.55-.014960          0 0 2          0 0 0  9  6  3        9  7  2      454523606728 322 8    57.0   57.0
 11 7184.308700 1.395E-29 5.277E-02.01620.265 3592.42320.44-.021720          1 1 1          0 1 0 11  5  7       12  3 10      444233603230712210    69.0   75.0
 11 7184.361700 1.720E-26 6.509E-02.09150.391 2053.96860.67-.009060          1 1 1          0 1 0  6  0  6        5  2  3      4542236065287122 7    39.0   33.0
 11 7184.458000 4.630E-25 2.133E+00.05520.281 1985.78420.47-.011320          1 0 1          0 0 0 11  5  6       11  5  7      4742236033297122 9    23.0   23.0
 11 7184.474200 2.427E-29 3.638E-02.05340.298 3383.26510.51-.022140          0 1 2          0 1 0 10  4  7       10  5  6      4442336032287122 8    63.0   63.0
 11 7184.551700 1.953E-28 8.466E+00.09430.456 3849.38530.72-.010460          1 0 2          0 0 1  3  1  2        2  1  1      4442336032257122 7    21.0   15.0
 11 7184.727100 1.810E-24 6.141E-03.06190.391  610.34110.67-.013732          1 2 0          0 0 0  6  5  2        5  4  1      4542236067257122 7    39.0   33.0
 11 7184.757900 7.348E-29 7.454E-01.09900.456 3255.34630.72-.007000          2 2 0          0 2 0  2  2  0        2  1  1      4442436032287122 7     5.0    5.0
 11 7184.789400 2.461E-29 5.740E-02.02350.195 3567.17160.34-.022460          1 0 1          0 0 0 16  4 12       17  2 15      444233603231712211    99.0  105.0
 11 7184.918600 2.758E-27 1.775E-05.06900.391  742.07620.67-.011540          2 0 0          0 0 0  6  4  3        5  5  0      4342236033287122 8    39.0   33.0
 11 7184.920800 1.365E-28 6.146E-02.04930.281 3135.76420.47-.010200          2 1 0          0 1 0 10  4  7       11  1 10      4442336032287122 8    63.0   69.0
 11 7184.937300 2.791E-29 5.834E-04.03390.221 2358.30050.37-.009368          0 4 0          0 0 0 15  4 12       15  1 15      4442336032297122 9    31.0   31.0
 11 7184.984400 6.120E-25 6.223E-03.06220.333  610.11440.67-.013640          1 2 0          0 0 0  6  5  1        5  4  2      454523606725 322 7    13.0   11.0
 11 7185.353700 1.005E-29 1.131E+00.10210.456 3750.46450.72-.013180          1 0 2          1 0 0  2  0  2        2  1  1      4442236032257122 7     5.0    5.0
 11 7185.394270 5.160E-23 9.366E-02.09240.435  447.25230.63-.008920          2 0 0          0 0 0  5  2  3        6  1  6      5546233018284822 7    33.0   39.0
 11 7185.400770 9.579E-24 4.462E+00.07800.315 1474.98030.89-.013760          1 0 1          0 0 0  9  5  4        9  5  5      5752233033797115 8    19.0   19.0
 11 7185.442550 3.210E-24 1.923E-02.08080.420  782.40980.61-.014060          1 0 1          0 0 0  8  0  8        7  2  5      554523306728 322 8    51.0   45.0
 11 7185.577000 2.155E-24 3.298E-03.09100.391  446.51060.67-.011600          2 0 0          0 0 0  6  1  6        5  2  3      5642233033287122 8    39.0   33.0
 11 7185.596571 1.977E-22 1.665E+01.03420.371 1045.05830.63-.016300          1 0 1          0 0 0  6  6  1        6  6  0      4742234433297122 9    13.0   13.0
 11 7185.597300 5.931E-22 1.665E+01.04130.195 1045.05780.65-.013459          1 0 1          0 0 0  6  6  0        6  6  1      4753216033676624 6    39.0   39.0
 11 7185.696700 5.140E-26 3.336E-01.09200.391 2130.49420.67-.016780          0 1 2          0 1 0  5  0  5        5  3  2      4542236065287122 8    33.0   33.0
 11 7185.731900 6.460E-29 6.524E-01.09490.412 3375.29820.69-.007960          2 2 0          0 2 0  4  1  3        4  0  4      4442236032287122 7     9.0    9.0
 11 7185.733100 8.540E-28 4.501E-02.08390.371 2399.16540.63-.019080          1 1 1          0 1 0  7  2  5        6  4  2      4742236033287122 8    15.0   13.0
 11 7185.847400 2.790E-27 5.389E-05.06830.391  742.07300.67-.012520          2 0 0          0 0 0  6  4  2        5  5  1      4442236065297122 8    13.0   11.0
 11 7185.914000 3.500E-27 7.163E-02.03460.235 2551.48210.40-.022160          1 0 1          0 0 0 13  5  9       14  3 12      444223606531712211    81.0   87.0
 11 7185.934900 2.224E-28 9.390E+00.09220.434 3895.58790.71-.009640          1 0 2          0 0 1  4  1  4        3  1  3      4442336032257122 7    27.0   21.0
 11 7185.966700 2.810E-27 2.051E-04.07430.371 1045.05830.63-.013500          0 0 2          0 0 0  7  3  5        6  6  0      4442236065297122 9    15.0   13.0
 11 7186.057600 8.827E-29 1.074E-02.04110.235 2918.24370.40-.010160          0 0 2          0 0 0 13  6  7       14  5 10      4442336032297122 9    81.0   87.0
 11 7186.152700 1.226E-29 1.048E-03.03140.208 2660.77780.35-.011468          0 4 0          0 0 0 16  3 13       16  0 16      1442334232297122 9    33.0   33.0
 11 7186.407620 4.710E-25 4.659E-03.07550.295  885.60020.57-.008104          0 2 1          0 0 0  8  4  4        8  2  7      554423306728 322 8    51.0   51.0
 11 7186.425100 1.267E-29 3.610E-02.09710.434 3289.24250.71-.000675          0 7 0          0 2 0  3  1  2        3  0  3      4442436032257122 7    21.0   21.0
 11 7186.483600 2.743E-28 7.468E-02.02860.221 2872.57880.37-.022260          1 0 1          0 0 0 14  5 10       15  3 13      474223603331712211    29.0   31.0
 11 7186.580800 1.403E-29 1.313E+00.02720.250 4074.03720.41-.023452          0 3 1          0 1 0 14  4 11       13  4 10      4442336032297122 9    29.0   27.0
 11 7186.599170 6.620E-25 1.309E+00.10450.470 1618.55700.73-.001480          2 1 0          0 1 0  1  1  0        1  0  1      554523306725 322 7     9.0    9.0
 11 7186.858000 4.310E-24 1.313E+00.04200.270 1590.69010.57-.009509          0 0 2          0 0 0  8  6  3        8  7  2      457521606782622234    51.0   51.0
 11 7186.882100 4.030E-25 1.569E-01.06030.298 1437.96780.51-.007480          2 0 0          0 0 0  9  5  5       10  2  8      4542236018297122 8    19.0   21.0
 11 7186.909600 2.010E-24 1.837E+00.03860.333 1590.69060.57-.013800          0 0 2          0 0 0  8  6  2        8  7  1      4542236067297122 9    17.0   17.0
