 11 7184.086640 1.430e-25 1.134e+00.03890.250 1810.58770.55-.014960          0 0 2          0 0 0  9  6  3        9  7  2      454523606728 322 8    57.0   57.0
 12 7184.107508 1.690e-28 6.316e-01.08010.298 1611.65330.51-.014192          0 2 1          0 0 0 11  4  7       10  4  6      4342336070297122 7    23.0   21.0
 11 7184.352640 1.720e-27 6.509e-02.09150.391 2053.96860.67-.009060          1 1 1          0 1 0  6  0  6        5  2  3      4542236065287122 7    39.0   33.0
 12 7184.410720 5.060e-28 7.223e-03.09410.455  314.45930.69-.011180          2 0 0          0 0 0  5  1  5        4  2  2      434653607028 322 8    11.0    9.0
 12 7184.449391 1.990e-24 1.105e+01.09800.537   78.98850.72-.006909          1 0 1          0 0 0  1  1  1        2  1  2      4565416018675024 6     9.0   15.0
 12 7184.447544 2.060e-28 6.143e-01.06480.180 1808.36220.47-.010056          0 2 1          0 0 0 12  3  9       11  3  8      434443607029 322 7    75.0   69.0
 11 7184.446680 4.630e-26 2.133e+00.05520.281 1985.78420.47-.011320          1 0 1          0 0 0 11  5  6       11  5  7      4742236033297122 9    23.0   23.0
 15 7184.526305 1.347e-28 3.981e+00.09590.434   99.58720.71-.009620          0 0 2          0 0 0  2  1  2        3  1  3      4641035041257122 7    30.0   42.0
 13 7184.546060 1.630e-28 6.328e-02.07500.415  607.15980.67-.009640          0 0 2          0 0 0  4  3  1        5  4  2      434683607028 322 7    54.0   66.0
 11 7184.713368 1.810e-25 6.141e-03.06190.391  610.34110.67-.013732          1 2 0          0 0 0  6  5  2        5  4  1      4542236067257122 7    39.0   33.0
 11 7184.907060 2.758e-28 1.775e-05.06900.391  742.07620.67-.011540          2 0 0          0 0 0  6  4  3        5  5  0      4342236033287122 8    39.0   33.0
 14 7184.955653 1.990e-27 1.084e-01.09400.434  155.38900.71-.010380          0 0 2          0 0 0  3  0  3        3  2  2      5541035018257122 7    42.0   42.0
 11 7184.970760 6.120e-26 6.223e-03.06220.333  610.11440.67-.013640          1 2 0          0 0 0  6  5  1        5  4  2      454523606725 322 7    13.0   11.0
 14 7185.228340 1.380e-26 7.893e-01.09180.412  217.04190.69-.013880          0 0 2          0 0 0  4  1  4        4  2  3      5541033018257122 7    54.0   54.0
 11 7185.385350 5.160e-24 9.366e-02.09240.435  447.25230.63-.008920          2 0 0          0 0 0  5  2  3        6  1  6      5546233018284822 7    33.0   39.0
 11 7185.387010 9.579e-25 4.462e+00.07800.315 1474.98030.89-.013760          1 0 1          0 0 0  9  5  4        9  5  5      5752233033797115 8    19.0   19.0
 11 7185.428490 3.210e-25 1.923e-02.08080.420  782.40980.61-.014060          1 0 1          0 0 0  8  0  8        7  2  5      554523306728 322 8    51.0   45.0
 11 7185.565400 2.155e-25 3.298e-03.09100.391  446.51060.67-.011600          2 0 0          0 0 0  6  1  6        5  2  3      5642233033287122 8    39.0   33.0
 11 7185.580271 1.977e-23 1.665e+01.03420.371 1045.05830.63-.016300          1 0 1          0 0 0  6  6  1        6  6  0      4742234433297122 9    13.0   13.0
 11 7185.583841 5.931e-23 1.665e+01.04130.195 1045.05780.65-.013459          1 0 1          0 0 0  6  6  0        6  6  1      4753216033676624 6    39.0   39.0
 12 7185.604200 1.230e-28 8.739e-01.09870.450 1725.01660.71-.004800          2 1 0          0 1 0  3  1  2        3  0  3      434443607025 322 7    21.0   21.0
 11 7185.679920 5.140e-27 3.336e-01.09200.391 2130.49420.67-.016780          0 1 2          0 1 0  5  0  5        5  3  2      4542236065287122 8    33.0   33.0
 11 7185.834880 2.790e-28 5.389e-05.06830.391  742.07300.67-.012520          2 0 0          0 0 0  6  4  2        5  5  1      4442236065297122 8    13.0   11.0
 11 7185.891840 3.500e-28 7.163e-02.03460.235 2551.48210.40-.022160          1 0 1          0 0 0 13  5  9       14  3 12      444223606531712211    81.0   87.0
 12 7185.944040 7.470e-28 2.356e+01.09170.450 1805.57660.71-.005760          1 1 1          0 1 0  3  2  1        3  2  2      444443606525 322 7     7.0    7.0
 11 7185.953200 2.810e-28 2.051e-04.07430.371 1045.05830.63-.013500          0 0 2          0 0 0  7  3  5        6  6  0      4442236065297122 9    15.0   13.0
 11 7186.399516 4.710e-26 4.659e-03.07550.295  885.60020.57-.008104          0 2 1          0 0 0  8  4  4        8  2  7      554423306728 322 8    51.0   51.0
 11 7186.597690 6.620e-26 1.309e+00.10450.470 1618.55700.73-.001480          2 1 0          0 1 0  1  1  0        1  0  1      554523306725 322 7     9.0    9.0
 13 7186.615972 2.760e-28 1.565e+00.04880.350 1577.68830.51-.018228          0 2 1          0 0 0 11  4  8       10  4  7      444633606525 322 7   414.0  378.0
 11 7186.848491 4.310e-25 1.313e+00.04200.270 1590.69010.57-.009509          0 0 2          0 0 0  8  6  3        8  7  2      457521606782622234    51.0   51.0
 11 7186.874620 4.030e-26 1.569e-01.06030.298 1437.96780.51-.007480          2 0 0          0 0 0  9  5  5       10  2  8      4542236018297122 8    19.0   21.0
 12 7186.885801 4.480e-26 2.885e+00.08410.405  658.60990.63-.006699          1 0 1          0 0 0  6  3  4        6  3  3      438641607082622234    13.0   13.0
 11 7186.895800 2.010e-25 1.837e+00.03860.333 1590.69060.57-.013800          0 0 2          0 0 0  8  6  2        8  7  1      4542236067297122 9    17.0   17.0
 12 7186.910132 1.380e-28 4.872e-03.07570.391  500.59610.67-.011168          0 2 1          0 0 0  5  5  0        5  3  3      4342336070287122 8    11.0   11.0
 13 7186.967180 1.590e-28 8.493e-02.07680.425 1003.78140.57-.013420          0 0 2          0 0 0  7  2  5        8  3  6      444633606525 322 7   270.0  306.0
