 7177.006680    2.3069590851E-05    9.3046110867E-25
 7177.015440    2.3125498305E-05    9.3271601265E-25
 7177.024200    2.3189524338E-05    9.3529836158E-25
 7177.032960    2.3262350109E-05    9.3823562858E-25
 7177.041720    2.3344780200E-05    9.4156026465E-25
 7177.050480    2.3437734276E-05    9.4530936245E-25
 7177.059240    2.3542278793E-05    9.4952593518E-25
 7177.068000    2.3651372607E-05    9.5392599374E-25
 7177.076760    2.3782991401E-05    9.5923454775E-25
 7177.085520    2.3930399952E-05    9.6517994679E-25
 7177.094280    2.4095231396E-05    9.7182805986E-25
 7177.103040    2.4282604582E-05    9.7938534439E-25
 7177.111800    2.4488521361E-05    9.8769054390E-25
 7177.120560    2.4717561812E-05    9.9692838578E-25
 7177.129320    2.4972257441E-05    1.0072009727E-24
 7177.138080    2.5436761246E-05    1.0259357101E-24
 7177.146840    2.5746750354E-05    1.0384384376E-24
 7177.155600    2.6083128879E-05    1.0520055241E-24
 7177.164360    2.6442824388E-05    1.0665130498E-24
 7177.173120    2.6819768298E-05    1.0817162518E-24
 7177.181880    2.7205402949E-05    1.0972699756E-24
 7177.190640    2.7583850485E-05    1.1125338230E-24
 7177.199400    2.7937529121E-05    1.1267986714E-24
 7177.208160    2.8247017930E-05    1.1392812205E-24
 7177.216920    2.8492599955E-05    1.1491862303E-24
 7177.225680    2.8659265975E-05    1.1559083369E-24
 7177.234440    2.8736119259E-05    1.1590080447E-24
 7177.243200    2.8724306573E-05    1.1585316061E-24
 7177.251960    2.8632947184E-05    1.1548468265E-24
 7177.260720    2.8477653284E-05    1.1485833892E-24
 7177.269480    2.8276852729E-05    1.1404845413E-24
 7177.278240    2.8048185680E-05    1.1312617598E-24
 7177.287000    2.7807377933E-05    1.1215493100E-24
 7177.295760    2.7574352272E-05    1.1121507335E-24
 7177.304520    2.7341701652E-05    1.1027672834E-24
 7177.313280    2.7123952457E-05    1.0939848495E-24
 7177.322040    2.6925452500E-05    1.0859787912E-24
 7177.330800    2.6748959156E-05    1.0788603211E-24
 7177.339560    2.6595731925E-05    1.0726802384E-24
 7177.348320    2.6531836717E-05    1.0701031660E-24
 7177.357080    2.6425994274E-05    1.0658342443E-24
 7177.365840    2.6368377260E-05    1.0635103890E-24
 7177.374600    2.6305774117E-05    1.0609854292E-24
 7177.383360    2.6262509266E-05    1.0592404367E-24
 7177.392120    2.6237044470E-05    1.0582133703E-24
 7177.400880    2.6227869676E-05    1.0578433252E-24
 7177.409640    2.6233610531E-05    1.0580748699E-24
 7177.418400    2.6253041435E-05    1.0588585726E-24
 7177.427160    2.6285147068E-05    1.0601534826E-24
 7177.435920    2.6329145624E-05    1.0619280674E-24
 7177.444680    2.6384452045E-05    1.0641587300E-24
 7177.453440    2.6450733656E-05    1.0668320527E-24
 7177.462200    2.6527839335E-05    1.0699419404E-24
 7177.470960    2.6615777160E-05    1.0734887188E-24
 7177.479720    2.6714674875E-05    1.0774775402E-24
 7177.488480    2.6824737176E-05    1.0819166605E-24
 7177.497240    2.6946204111E-05    1.0868157617E-24
 7177.506000    2.7079355065E-05    1.0921861120E-24
 7177.514760    2.7027925674E-05    1.0901118208E-24
 7177.523520    2.7401235485E-05    1.1051684494E-24
 7177.532280    2.7573181948E-05    1.1121035310E-24
 7177.541040    2.7759863872E-05    1.1196329351E-24
 7177.549800    2.7964182212E-05    1.1278736651E-24
 7177.558560    2.8191157572E-05    1.1370282160E-24
 7177.567320    2.8447097241E-05    1.1473509785E-24
 7177.576080    2.8741345574E-05    1.1592188366E-24
 7177.584840    2.9084443656E-05    1.1730569417E-24
 7177.593600    2.9486472555E-05    1.1892718914E-24
 7177.602360    2.9952765877E-05    1.2080788049E-24
 7177.611120    3.0474261419E-05    1.2291121784E-24
 7177.619880    3.1017251620E-05    1.2510124916E-24
 7177.628640    3.1516051756E-05    1.2711304959E-24
 7177.637400    3.1887375675E-05    1.2861070279E-24
 7177.646160    3.2069644944E-05    1.2934584572E-24
 7177.654920    3.2061829146E-05    1.2931432242E-24
 7177.663680    3.1924600847E-05    1.2876084231E-24
 7177.672440    3.1742736039E-05    1.2802733069E-24
 7177.681200    3.3660798429E-05    1.3576341266E-24
 7177.689960    3.3572009266E-05    1.3540530114E-24
 7177.698720    3.3557500000E-05    1.3534678121E-24
 7177.707480    3.3616150196E-05    1.3558333385E-24
 7177.716240    3.3742115962E-05    1.3609138901E-24
 7177.725000    3.3928842094E-05    1.3684450771E-24
 7177.733760    3.4169562213E-05    1.3781539926E-24
 7177.742520    3.4455218041E-05    1.3896752910E-24
 7177.751280    3.4770709093E-05    1.4023999273E-24
 7177.760040    3.5091413231E-05    1.4153348220E-24
 7177.768800    3.5388092901E-05    1.4273007427E-24
 7177.777560    3.5634121424E-05    1.4372237610E-24
 7177.786320    3.5820880543E-05    1.4447562785E-24
 7177.795080    3.5960929022E-05    1.4504048253E-24
 7177.803840    3.6078396658E-05    1.4551426235E-24
 7177.812600    3.6195998204E-05    1.4598858227E-24
 7177.821360    3.6328282707E-05    1.4652212266E-24
 7177.830120    3.6482050767E-05    1.4714231225E-24
 7177.838880    3.6659604752E-05    1.4785843712E-24
 7177.847640    3.6861427525E-05    1.4867244480E-24
 7177.856400    3.7087572024E-05    1.4958454880E-24
 7177.865160    3.7338177188E-05    1.5059530950E-24
 7177.873920    3.7613609304E-05    1.5170620424E-24
 7177.882680    3.7914507909E-05    1.5291981246E-24
 7177.891440    3.8241849989E-05    1.5424007460E-24
 7177.900200    3.8597116415E-05    1.5567296344E-24
 7177.908960    3.8982176636E-05    1.5722601899E-24
 7177.917720    3.9399826867E-05    1.5891051916E-24
 7177.926480    3.9853839244E-05    1.6074167803E-24
 7177.935240    4.0349341489E-05    1.6274017714E-24
 7177.944000    4.0893235948E-05    1.6493385558E-24
 7177.952760    4.1494828117E-05    1.6736024503E-24
 7177.961520    4.2166579731E-05    1.7006960713E-24
 7177.970280    4.2924957763E-05    1.7312835779E-24
 7177.979040    4.3791041142E-05    1.7662151424E-24
 7177.987800    4.4789910045E-05    1.8065023185E-24
 7177.996560    4.5946487061E-05    1.8531503036E-24
 7178.005320    4.7273492834E-05    1.9066721572E-24
 7178.014080    4.8746790408E-05    1.9660943682E-24
 7178.022840    5.0274128523E-05    2.0276961852E-24
 7178.031600    5.1669362633E-05    2.0839698784E-24
 7178.040360    5.2717472812E-05    2.1262430928E-24
 7178.049120    5.3283599939E-05    2.1490765828E-24
 7178.057880    5.3409761730E-05    2.1541650407E-24
 7178.066640    5.3288107635E-05    2.1492583908E-24
 7178.075400    5.3135835127E-05    2.1431168148E-24
 7178.084160    5.3106296652E-05    2.1419254455E-24
 7178.092920    5.3266388962E-05    2.1483824160E-24
 7178.101680    5.3626522787E-05    2.1629076202E-24
 7178.110440    5.4172699697E-05    2.1849364623E-24
 7178.119200    5.4885727419E-05    2.2136948641E-24
 7178.127960    5.5749315601E-05    2.2485257904E-24
 7178.136720    5.6752193899E-05    2.2889746765E-24
 7178.145480    5.7887721502E-05    2.3347736800E-24
 7178.154240    5.9152664314E-05    2.3857923608E-24
 7178.163000    6.0546010818E-05    2.4419899215E-24
 7178.171760    6.2068735097E-05    2.5034056497E-24
 7178.180520    6.3724888772E-05    2.5702029585E-24
 7178.189280    6.5523524035E-05    2.6427469482E-24
 7178.198040    6.7479984955E-05    2.7216564880E-24
 7178.206800    6.9614711057E-05    2.8077559610E-24
 7178.215560    7.1951551236E-05    2.9020072600E-24
 7178.224320    7.4516430324E-05    3.0054560058E-24
 7178.233080    7.7337321332E-05    3.1192304282E-24
 7178.241840    8.0444952989E-05    3.2445699028E-24
 7178.250600    8.3873481183E-05    3.3828520321E-24
 7178.259360    8.7660711248E-05    3.5356016109E-24
 7178.268120    9.1847906296E-05    3.7044828959E-24
 7178.276880    9.6479845400E-05    3.8913019523E-24
 7178.285640    1.0160617666E-04    4.0980612270E-24
 7178.294400    1.0728416765E-04    4.3270704808E-24
 7178.303160    1.1358065352E-04    4.5810253627E-24
 7178.311920    1.2057028357E-04    4.8629366878E-24
 7178.320680    1.2832984522E-04    5.1759015074E-24
 7178.329440    1.3693057376E-04    5.5227929396E-24
 7178.338200    1.4642944968E-04    5.9059091672E-24
 7178.346960    1.5685280256E-04    6.3263121359E-24
 7178.355720    1.6819893390E-04    6.7839333399E-24
 7178.364480    1.8039278306E-04    7.2757453744E-24
 7178.373240    1.9326748652E-04    7.7950181666E-24
 7178.382000    2.0656153088E-04    8.3312041497E-24
 7178.390760    2.1985484396E-04    8.8673606385E-24
 7178.399520    2.3258971333E-04    9.3809935310E-24
 7178.408280    2.4408502846E-04    9.8446317347E-24
 7178.417040    2.5359544370E-04    1.0228213375E-23
 7178.425800    2.6040858432E-04    1.0503006388E-23
 7178.434560    2.6396418590E-04    1.0646413742E-23
 7178.443320    2.6396352108E-04    1.0646386928E-23
 7178.452080    2.6043290875E-04    1.0503987460E-23
 7178.460840    2.5379127675E-04    1.0236111870E-23
 7178.469600    2.4448463883E-04    9.8607491382E-24
 7178.478360    2.3331095928E-04    9.4100833970E-24
 7178.487120    2.2101094615E-04    8.9139894729E-24
 7178.495880    2.0824904391E-04    8.3992662694E-24
 7178.504640    1.9556051843E-04    7.8875025556E-24
 7178.513400    1.8333497876E-04    7.3944123544E-24
 7178.522160    1.7182850318E-04    6.9303240183E-24
 7178.530920    1.6118424786E-04    6.5010114369E-24
 7178.539680    1.5146516258E-04    6.1090135499E-24
 7178.548440    1.4266559474E-04    5.7541023728E-24
 7178.557200    1.3475477238E-04    5.4350367859E-24
 7178.565960    1.2767543154E-04    5.1495071739E-24
 7178.574720    1.2135970862E-04    4.8947764078E-24
 7178.583480    1.1573645281E-04    4.6679747765E-24
 7178.592240    1.1073578460E-04    4.4662838442E-24
 7178.601000    1.0629174966E-04    4.2870434882E-24
 7178.609760    1.0234365119E-04    4.1278056368E-24
 7178.618520    9.8836593710E-05    3.9863562018E-24
 7178.627280    9.5721503935E-05    3.8607159204E-24
 7178.636040    9.2954864253E-05    3.7491296057E-24
 7178.644800    9.0515428197E-05    3.6507403281E-24
 7178.653560    8.8335324561E-05    3.5628106522E-24
 7178.662320    8.6402676700E-05    3.4848615597E-24
 7178.671080    8.4690241958E-05    3.4157942781E-24
 7178.679840    8.3176003637E-05    3.3547208123E-24
 7178.688600    8.1840257426E-05    3.3008464325E-24
 7178.697360    8.0665636568E-05    3.2534706887E-24
 7178.706120    7.9636997115E-05    3.2119827832E-24
 7178.714880    7.8741095324E-05    3.1758485587E-24
 7178.723640    7.7966350786E-05    3.1446009451E-24
 7178.732400    7.7302641859E-05    3.1178317081E-24
 7178.741160    7.6741129647E-05    3.0951843504E-24
 7178.749920    7.6274249373E-05    3.0763537634E-24
 7178.758680    7.5895013149E-05    3.0610581061E-24
 7178.767440    7.5597750795E-05    3.0490686841E-24
 7178.776200    7.5377450651E-05    3.0401833633E-24
 7178.784960    7.5229822400E-05    3.0342291031E-24
 7178.793720    7.5151231586E-05    3.0310593158E-24
 7178.802480    7.5138645644E-05    3.0305516896E-24
 7178.811240    7.5189781150E-05    3.0326141275E-24
 7178.820000    7.5304442863E-05    3.0372387550E-24
 7178.828760    7.5477103682E-05    3.0442026487E-24
 7178.837520    7.5708920406E-05    3.0535524654E-24
 7178.846280    7.5999391262E-05    3.0652679673E-24
 7178.855040    7.6348481577E-05    3.0793477558E-24
 7178.863800    7.6756627670E-05    3.0958094290E-24
 7178.872560    7.7224747516E-05    3.1146900115E-24
 7178.881320    7.7754256076E-05    3.1360465723E-24
 7178.890080    7.8347096118E-05    3.1599574690E-24
 7178.898840    7.9005763990E-05    3.1865233861E-24
 7178.907600    7.9733284926E-05    3.2158663398E-24
 7178.916360    8.0533512262E-05    3.2481417460E-24
 7178.925120    8.1411297730E-05    3.2835452884E-24
 7178.933880    8.2370981107E-05    3.3222520026E-24
 7178.942640    8.3419228852E-05    3.3645307654E-24
 7178.951400    8.4563386341E-05    3.4106778363E-24
 7178.960160    8.5812190150E-05    3.4610455860E-24
 7178.968920    8.7176074942E-05    3.5160548735E-24
 7178.977680    8.8667495972E-05    3.5762080541E-24
 7178.986440    9.0296575154E-05    3.6419133729E-24
 7178.995200    9.2089414989E-05    3.7142236168E-24
 7179.003960    9.4059754408E-05    3.7936929153E-24
 7179.012720    9.6225389899E-05    3.8810390504E-24
 7179.021480    9.8600587350E-05    3.9768374053E-24
 7179.030240    1.0119489320E-04    4.0814730150E-24
 7179.039000    1.0401806667E-04    4.1953394953E-24
 7179.047760    1.0709037649E-04    4.3192543414E-24
 7179.056520    1.1044811532E-04    4.4546813379E-24
 7179.065280    1.1413669083E-04    4.6034519026E-24
 7179.074040    1.1819721232E-04    4.7672240886E-24
 7179.082800    1.2266176495E-04    4.9472919805E-24
 7179.091560    1.2752771677E-04    5.1435494240E-24
 7179.100320    1.3279097783E-04    5.3558314601E-24
 7179.109080    1.3840860283E-04    5.5824059850E-24
 7179.117840    1.4430055134E-04    5.8200447440E-24
 7179.126600    1.5033710161E-04    6.0635156967E-24
 7179.135360    1.5632918842E-04    6.3051933134E-24
 7179.144120    1.6202854606E-04    6.5350643444E-24
 7179.152880    1.6714166015E-04    6.7412905332E-24
 7179.161640    1.7136364985E-04    6.9115751840E-24
 7179.170400    1.7442901589E-04    7.0352099679E-24
 7179.179160    1.7616581611E-04    7.1052599774E-24
 7179.187920    1.7653296221E-04    7.1200680064E-24
 7179.196680    1.7562571125E-04    7.0834760380E-24
 7179.205440    1.7364435468E-04    7.0035623873E-24
 7179.214200    1.7084667866E-04    6.8907242901E-24
 7179.222960    1.6749581949E-04    6.7555747697E-24
 7179.231720    1.6381352468E-04    6.6070575232E-24
 7179.240480    1.5997001699E-04    6.4520381106E-24
 7179.249240    1.5608541183E-04    6.2953611220E-24
 7179.258000    1.5223470658E-04    6.1400514115E-24
 7179.266760    1.4845505631E-04    5.9876075469E-24
 7179.275520    1.4477593193E-04    5.8392181727E-24
 7179.284280    1.4125574926E-04    5.6972393620E-24
 7179.293040    1.3800179964E-04    5.5659984749E-24
 7179.301800    1.3511882140E-04    5.4497199009E-24
 7179.310560    1.3266566871E-04    5.3507773932E-24
 7179.319320    1.3064824727E-04    5.2694091452E-24
 7179.328080    1.2903904017E-04    5.2045053227E-24
 7179.336840    1.2779839863E-04    5.1544667803E-24
 7179.345600    1.2688645193E-04    5.1176854200E-24
 7179.354360    1.2626768373E-04    5.0927287679E-24
 7179.363120    1.2591193090E-04    5.0783802616E-24
 7179.371880    1.2579408002E-04    5.0736270062E-24
 7179.380640    1.2589372465E-04    5.0776459525E-24
 7179.389400    1.2619425516E-04    5.0897671884E-24
 7179.398160    1.2668215247E-04    5.1094454514E-24
 7179.406920    1.2734856851E-04    5.1363238736E-24
 7179.415680    1.2818597362E-04    5.1700987635E-24
 7179.424440    1.2919001782E-04    5.2105946736E-24
 7179.433200    1.3035880873E-04    5.2577352793E-24
 7179.441960    1.3169285729E-04    5.3115411883E-24
 7179.450720    1.3319320945E-04    5.3720545861E-24
 7179.459480    1.3486869020E-04    5.4396314100E-24
 7179.468240    1.3672503514E-04    5.5145029922E-24
 7179.477000    1.3877238048E-04    5.5970781551E-24
 7179.485760    1.4103503883E-04    5.6883374935E-24
 7179.494520    1.4350673787E-04    5.7880280272E-24
 7179.503280    1.4621898643E-04    5.8974205959E-24
 7179.512040    1.4919676541E-04    6.0175227491E-24
 7179.520800    1.5247082526E-04    6.1495747381E-24
 7179.529560    1.5607894550E-04    6.2951003167E-24
 7179.538320    1.6006747485E-04    6.4559688587E-24
 7179.547080    1.6449322799E-04    6.6344718585E-24
 7179.555840    1.6942592057E-04    6.8334211436E-24
 7179.564600    1.7495118416E-04    7.0562704744E-24
 7179.573360    1.8117483677E-04    7.3072877876E-24
 7179.582120    1.8822826011E-04    7.5917720744E-24
 7179.590880    1.9627569829E-04    7.9163477592E-24
 7179.599640    2.0552547433E-04    8.2894170922E-24
 7179.608400    2.1624286358E-04    8.7216793695E-24
 7179.617160    2.2875353519E-04    9.2262697394E-24
 7179.625920    2.4349031945E-04    9.8206454571E-24
 7179.634680    2.6100314425E-04    1.0526986653E-23
 7179.643440    2.8199625993E-04    1.1373697711E-23
 7179.652200    3.0736270892E-04    1.2396797531E-23
 7179.660960    3.3821019332E-04    1.3640962836E-23
 7179.669720    3.7585349364E-04    1.5159222400E-23
 7179.678480    4.2172072204E-04    1.7009175981E-23
 7179.687240    4.7707050048E-04    1.9241587320E-23
 7179.696000    5.4204631016E-04    2.1862243417E-23
 7179.704760    6.1567267210E-04    2.4831800476E-23
 7179.713520    6.9249684335E-04    2.7930334126E-23
 7179.722280    7.6253378625E-04    3.0755119878E-23
 7179.731040    8.1231817422E-04    3.2763063458E-23
 7179.739800    8.2968654097E-04    3.3463578256E-23
 7179.748560    8.1010649618E-04    3.2673860298E-23
 7179.757320    7.5944633121E-04    3.0630594183E-23
 7179.766080    6.9057406903E-04    2.7852783261E-23
 7179.774840    6.1688435763E-04    2.4880671142E-23
 7179.783600    5.4780648634E-04    2.2094567429E-23
 7179.792360    4.8791593981E-04    1.9679014215E-23
 7179.801120    4.3829014086E-04    1.7677466975E-23
 7179.809880    3.9817700608E-04    1.6059592080E-23
 7179.818640    3.6615365021E-04    1.4768000591E-23
 7179.827400    3.4072817290E-04    1.3742519994E-23
 7179.836160    3.2058289452E-04    1.2930004584E-23
 7179.844920    3.0463729875E-04    1.2286874118E-23
 7179.853680    2.9203570953E-04    1.1778616787E-23
 7179.862440    2.8211131285E-04    1.1378338117E-23
 7179.871200    2.7434734604E-04    1.1065195625E-23
 7179.879960    2.6833962361E-04    1.0822887380E-23
 7179.888720    2.6378489784E-04    1.0639182554E-23
 7179.897480    2.6043774116E-04    1.0504182365E-23
 7179.906240    2.5810608624E-04    1.0410140202E-23
 7179.915000    2.5663950079E-04    1.0350988710E-23
 7179.923760    2.5591851193E-04    1.0321909213E-23
 7179.932520    2.5584766978E-04    1.0319051951E-23
 7179.941280    2.5635030380E-04    1.0339324586E-23
 7179.950040    2.5736452503E-04    1.0380230965E-23
 7179.958800    2.5884054299E-04    1.0439762896E-23
 7179.967560    2.6073826414E-04    1.0516303297E-23
 7179.976320    2.6302491757E-04    1.0608530424E-23
 7179.985080    2.6567879938E-04    1.0715568898E-23
 7179.993840    2.6868140864E-04    1.0836672526E-23
 7180.002600    2.7202154704E-04    1.0971389648E-23
 7180.011360    2.7569338800E-04    1.1119485262E-23
 7180.020120    2.7969568649E-04    1.1280909151E-23
 7180.028880    2.8403102477E-04    1.1455765467E-23
 7180.037640    2.8870520176E-04    1.1644288095E-23
 7180.046400    2.9372683254E-04    1.1846824507E-23
 7180.055160    2.9910716568E-04    1.2063828387E-23
 7180.063920    3.0486008259E-04    1.2295859613E-23
 7180.072680    3.1100222873E-04    1.2543589542E-23
 7180.081440    3.1755324400E-04    1.2807810307E-23
 7180.090200    3.2453597926E-04    1.3089443546E-23
 7180.098960    3.3197693655E-04    1.3389558161E-23
 7180.107720    3.3990661444E-04    1.3709384244E-23
 7180.116480    3.4835982192E-04    1.4050325739E-23
 7180.125240    3.5737627436E-04    1.4413984479E-23
 7180.134000    3.6700073228E-04    1.4802165780E-23
 7180.142760    3.7728514682E-04    1.5216964976E-23
 7180.151520    3.8828708343E-04    1.5660703845E-23
 7180.160280    4.0007204138E-04    1.6136024153E-23
 7180.169040    4.1271396153E-04    1.6645908144E-23
 7180.177800    4.2629615284E-04    1.7193715899E-23
 7180.186560    4.4091237505E-04    1.7783229012E-23
 7180.195320    4.5666781376E-04    1.8418689912E-23
 7180.204080    4.7368018358E-04    1.9104846359E-23
 7180.212840    4.9208057905E-04    1.9846985762E-23
 7180.221600    5.1201410613E-04    2.0650960649E-23
 7180.230360    5.3363999597E-04    2.1523193259E-23
 7180.239120    5.5713080885E-04    2.2470643430E-23
 7180.247880    5.8267025991E-04    2.3500720907E-23
 7180.256640    6.1044593522E-04    2.4620991562E-23
 7180.265400    6.4065189014E-04    2.5839282189E-23
 7180.274160    6.7345873039E-04    2.7162473794E-23
 7180.282920    7.0900309838E-04    2.8596077548E-23
 7180.291680    7.4735534004E-04    3.0142930699E-23
 7180.300440    7.8848471384E-04    3.1801793355E-23
 7180.309200    8.3222467864E-04    3.3565948445E-23
 7180.317960    8.7821156555E-04    3.5420728188E-23
 7180.326720    9.2594149850E-04    3.7345809851E-23
 7180.335480    9.7456713542E-04    3.9307017760E-23
 7180.344240    1.0229350753E-03    4.1257832027E-23
 7180.353000    1.0695549482E-03    4.3138141865E-23
 7180.361760    1.1126612625E-03    4.4876740061E-23
 7180.370520    1.1503570728E-03    4.6397117496E-23
 7180.379280    1.1808597803E-03    4.7627376988E-23
 7180.388040    1.2026375107E-03    4.8505733752E-23
 7180.396800    1.2148276060E-03    4.8997394381E-23
 7180.405560    1.2172774465E-03    4.9096203300E-23
 7180.414320    1.2106057795E-03    4.8827116312E-23
 7180.423080    1.1960966376E-03    4.8241922049E-23
 7180.431840    1.1754887586E-03    4.7410748663E-23
 7180.440600    1.1507216401E-03    4.6411821516E-23
 7180.449360    1.1237007619E-03    4.5321993942E-23
 7180.458120    1.0961214709E-03    4.4209644012E-23
 7180.466880    1.0693873836E-03    4.3131383516E-23
 7180.475640    1.0445640269E-03    4.2130188128E-23
 7180.484400    1.0224303914E-03    4.1237476714E-23
 7180.493160    1.0034535222E-03    4.0472086516E-23
 7180.501920    9.8796654892E-04    3.9847453576E-23
 7180.510680    9.7613525996E-04    3.9370264608E-23
 7180.519440    9.6802284529E-04    3.9043068240E-23
 7180.528200    9.6361405353E-04    3.8865249340E-23
 7180.536960    9.6281834409E-04    3.8833156153E-23
 7180.545720    9.6544994758E-04    3.8939296080E-23
 7180.554480    9.7118711216E-04    3.9170691971E-23
 7180.563240    9.7952827485E-04    3.9507114387E-23
 7180.572000    9.8977960573E-04    3.9920579227E-23
 7180.580760    1.0011244708E-03    4.0378149360E-23
 7180.589520    1.0128001936E-03    4.0849063909E-23
 7180.598280    1.0243284173E-03    4.1314029407E-23
 7180.607040    1.0356800927E-03    4.1771874220E-23
 7180.615800    1.0472634771E-03    4.2239064502E-23
 7180.624560    1.0597454815E-03    4.2742498642E-23
 7180.633320    1.0738221514E-03    4.3310250104E-23
 7180.642080    1.0900553426E-03    4.3964980098E-23
 7180.650840    1.1088181051E-03    4.4721734777E-23
 7180.659600    1.1303188672E-03    4.5588920631E-23
 7180.668360    1.1546580844E-03    4.6570589322E-23
 7180.677120    1.1818756164E-03    4.7668348495E-23
 7180.685880    1.2119969872E-03    4.8883227610E-23
 7180.694640    1.2450517934E-03    5.0216420373E-23
 7180.703400    1.2810878635E-03    5.1669855852E-23
 7180.712160    1.3201776951E-03    5.3246458065E-23
 7180.720920    1.3624207768E-03    5.4950239677E-23
 7180.729680    1.4079479541E-03    5.6786478045E-23
 7180.738440    1.4569176781E-03    5.8761563948E-23
 7180.747200    1.5095201041E-03    6.0883166879E-23
 7180.755960    1.5659771898E-03    6.3160239017E-23
 7180.764720    1.6265441123E-03    6.5603072367E-23
 7180.773480    1.6915175704E-03    6.8223633617E-23
 7180.782240    1.7612127589E-03    7.1034635457E-23
 7180.791000    1.8360048195E-03    7.4051208403E-23
 7180.799760    1.9163073281E-03    7.7290033126E-23
 7180.808520    2.0025833780E-03    8.0769787472E-23
 7180.817280    2.0953511440E-03    8.4511370883E-23
 7180.826040    2.1951903553E-03    8.8538165454E-23
 7180.834800    2.3027497236E-03    9.2876335550E-23
 7180.843560    2.4187555391E-03    9.7555174477E-23
 7180.852320    2.5440214054E-03    1.0260749715E-22
 7180.861080    2.6794593708E-03    1.0807008902E-22
 7180.869840    2.8260925433E-03    1.1398421489E-22
 7180.878600    2.9850692521E-03    1.2039619011E-22
 7180.887360    3.1576793676E-03    1.2735803874E-22
 7180.896120    3.3453718336E-03    1.3492820074E-22
 7180.904880    3.5497748220E-03    1.4317234483E-22
 7180.913640    3.7727176166E-03    1.5216425116E-22
 7180.922400    4.0162554010E-03    1.6198681100E-22
 7180.931160    4.2826952490E-03    1.7273307512E-22
 7180.939920    4.5746254399E-03    1.8450743605E-22
 7180.948680    4.8949486761E-03    1.9742696789E-22
 7180.957440    5.2469023715E-03    2.1162224459E-22
 7180.966200    5.6341002612E-03    2.2723901821E-22
 7180.974960    6.0605391807E-03    2.4443849229E-22
 7180.983720    6.5306033282E-03    2.6339749380E-22
 7180.992480    7.0490283647E-03    2.8430702520E-22
 7181.001240    7.6208218238E-03    3.0736905431E-22
 7181.010000    8.2510907923E-03    3.3278956424E-22
 7181.018760    8.9447630546E-03    3.6076730630E-22
 7181.027520    9.7060861712E-03    3.9147359648E-22
 7181.036280    1.0537835294E-02    4.2502036443E-22
 7181.045040    1.1440121738E-02    4.6141209979E-22
 7181.053800    1.2408823573E-02    5.0048255359E-22
 7181.062560    1.3433335240E-02    5.4180397394E-22
 7181.071320    1.4497946246E-02    5.8474271283E-22
 7181.080080    1.5578696106E-02    6.2833237678E-22
 7181.088840    1.6646475501E-02    6.7139890560E-22
 7181.097600    1.7667222906E-02    7.1256850280E-22
 7181.106360    1.8601865801E-02    7.5026526427E-22
 7181.115120    1.9406858430E-02    7.8273286801E-22
 7181.123880    2.0037117313E-02    8.0815297116E-22
 7181.132640    2.0451565894E-02    8.2486884136E-22
 7181.141400    2.0619831238E-02    8.3165545322E-22
 7181.150160    2.0527900389E-02    8.2794762502E-22
 7181.158920    2.0180964427E-02    8.1395472752E-22
 7181.167680    1.9602658442E-02    7.9063003004E-22
 7181.176440    1.8831060199E-02    7.5950931527E-22
 7181.185200    1.7912732698E-02    7.2247059920E-22
 7181.193960    1.6896397444E-02    6.8147895643E-22
 7181.202720    1.5827691557E-02    6.3837505958E-22
 7181.211480    1.4745647094E-02    5.9473318064E-22
 7181.220240    1.3681045968E-02    5.5179484031E-22
 7181.229000    1.2656830953E-02    5.1048538474E-22
 7181.237760    1.1686639134E-02    4.7135483572E-22
 7181.246520    1.0779810837E-02    4.3477991471E-22
 7181.255280    9.9402291171E-03    4.0091723623E-22
 7181.264040    9.1683242694E-03    3.6978415524E-22
 7181.272800    8.4621860832E-03    3.4130362761E-22
 7181.281560    7.8184322218E-03    3.1533923424E-22
 7181.290320    7.2328512493E-03    2.9172111616E-22
 7181.299080    6.7008575530E-03    2.7026432277E-22
 7181.307840    6.2177988797E-03    2.5078121569E-22
 7181.316600    5.7791536600E-03    2.3308942740E-22
 7181.325360    5.3806473723E-03    2.1701655447E-22
 7181.334120    5.0183184043E-03    2.0240281401E-22
 7181.342880    4.6885371747E-03    1.8910181484E-22
 7181.351640    4.3880117870E-03    1.7698078560E-22
 7181.360400    4.1137748913E-03    1.6592004474E-22
 7181.369160    3.8631638212E-03    1.5581219950E-22
 7181.377920    3.6336534918E-03    1.4655540613E-22
 7181.386680    3.4234054835E-03    1.3807551604E-22
 7181.395440    3.2303811597E-03    1.3029030531E-22
 7181.404200    3.0528927641E-03    1.2313170200E-22
 7181.412960    2.8894372503E-03    1.1653908406E-22
 7181.421720    2.7386756664E-03    1.1045844780E-22
 7181.430480    2.5994144625E-03    1.0484165403E-22
 7181.439240    2.4705886583E-03    9.9645749114E-23
 7181.448000    2.3512467701E-03    9.4832357047E-23
 7181.456760    2.2405373481E-03    9.0367136480E-23
 7181.465520    2.1376970355E-03    8.6219299099E-23
 7181.474280    2.0420400839E-03    8.2361186757E-23
 7181.483040    1.9529493230E-03    7.8767907244E-23
 7181.491800    1.8698686060E-03    7.5417029607E-23
 7181.500560    1.7922966915E-03    7.2288337382E-23
 7181.509320    1.7197823640E-03    6.9363631780E-23
 7181.518080    1.6519207235E-03    6.6626582056E-23
 7181.526840    1.5883473621E-03    6.4062490620E-23
 7181.535600    1.5287371550E-03    6.1658244279E-23
 7181.544360    1.4727977999E-03    5.9402053664E-23
 7181.553120    1.4202658366E-03    5.7283292688E-23
 7181.561880    1.3709025089E-03    5.5292331646E-23
 7181.570640    1.3244904085E-03    5.3420401859E-23
 7181.579400    1.2808308005E-03    5.1659487780E-23
 7181.588160    1.2397416400E-03    5.0002247039E-23
 7181.596920    1.2010565875E-03    4.8441970698E-23
 7181.605680    1.1646215622E-03    4.6972444245E-23
 7181.614440    1.1302969364E-03    4.5588036104E-23
 7181.623200    1.0979543667E-03    4.4283569828E-23
 7181.631960    1.0674763940E-03    4.3054307963E-23
 7181.640720    1.0387556462E-03    4.1895919892E-23
 7181.649480    1.0116940058E-03    4.0804448261E-23
 7181.658240    9.8620190461E-04    3.9776280536E-23
 7181.667000    9.6219766947E-04    3.8808122610E-23
 7181.675760    9.3960693255E-04    3.7896975019E-23
 7181.684520    9.1836210422E-04    3.7040111686E-23
 7181.693280    8.9840190421E-04    3.6235061005E-23
 7181.702040    8.7967094824E-04    3.5479589173E-23
 7181.710800    8.6211938585E-04    3.4771685582E-23
 7181.719560    8.4570258641E-04    3.4109550154E-23
 7181.728320    8.3038087075E-04    3.3491582517E-23
 7181.737080    8.1611928691E-04    3.2916372961E-23
 7181.745840    8.0288743011E-04    3.2382695176E-23
 7181.754600    7.9065930771E-04    3.1889500806E-23
 7181.763360    7.7941324967E-04    3.1435915838E-23
 7181.772120    7.6912998998E-04    3.1021163220E-23
 7181.780880    7.5980015742E-04    3.0644864983E-23
 7181.789640    7.5141304345E-04    3.0306589224E-23
 7181.798400    7.4396416983E-04    3.0006155322E-23
 7181.807160    7.3745522588E-04    2.9743631411E-23
 7181.815920    7.3188729415E-04    2.9519061155E-23
 7181.824680    7.2727136513E-04    2.9332887830E-23
 7181.833440    7.2362169792E-04    2.9185686546E-23
 7181.842200    7.2095783626E-04    2.9078245556E-23
 7181.850960    7.1930497454E-04    2.9011581021E-23
 7181.859720    7.1869439370E-04    2.8986954588E-23
 7181.868480    7.1916397229E-04    2.9005894006E-23
 7181.877240    7.2075877997E-04    2.9070217059E-23
 7181.886000    7.2353176122E-04    2.9182059147E-23
 7181.894760    7.2754451915E-04    2.9343904895E-23
 7181.903520    7.3286820701E-04    2.9558624113E-23
 7181.912280    7.3958453694E-04    2.9829512480E-23
 7181.921040    7.4778686566E-04    3.0160335334E-23
 7181.929800    7.5758163906E-04    3.0555385934E-23
 7181.938560    7.6908923353E-04    3.1019519398E-23
 7181.947320    7.8244665286E-04    3.1558261471E-23
 7181.956080    7.9780765151E-04    3.2177813501E-23
 7181.964840    8.1534518357E-04    3.2885151209E-23
 7181.973600    8.3525292670E-04    3.3688086158E-23
 7181.982360    8.5774676738E-04    3.4595325652E-23
 7181.991120    8.8306602363E-04    3.5616522057E-23
 7181.999880    9.1147437486E-04    3.6762310300E-23
 7182.008640    9.4325961093E-04    3.8044297752E-23
 7182.017400    9.7873463760E-04    3.9475104777E-23
 7182.026160    1.0182332183E-03    4.1068192989E-23
 7182.034920    1.0621073232E-03    4.2837758322E-23
 7182.043680    1.1107233269E-03    4.4798577699E-23
 7182.052440    1.1644485837E-03    4.6965467538E-23
 7182.061200    1.2236417898E-03    4.9352895062E-23
 7182.069960    1.2886273737E-03    5.1973945379E-23
 7182.078720    1.3596641757E-03    5.4839058246E-23
 7182.087480    1.4368968652E-03    5.7954068578E-23
 7182.096240    1.5202877494E-03    6.1317456125E-23
 7182.105000    1.6095387258E-03    6.4917197578E-23
 7182.113760    1.7039771462E-03    6.8726163150E-23
 7182.122520    1.8023895239E-03    7.2695409532E-23
 7182.131280    1.9030893748E-03    7.6756916106E-23
 7182.140040    2.0037498651E-03    8.0816835161E-23
 7182.148800    2.1012054177E-03    8.4747490110E-23
 7182.157560    2.1917331768E-03    8.8398727778E-23
 7182.166320    2.2711821084E-03    9.1603125356E-23
 7182.175080    2.3353147494E-03    9.4189774102E-23
 7182.183840    2.3802644374E-03    9.6002720712E-23
 7182.192600    2.4030433791E-03    9.6921459127E-23
 7182.201360    2.4019895877E-03    9.6878956773E-23
 7182.210120    2.3770366403E-03    9.5872534628E-23
 7182.218880    2.3297367346E-03    9.3964797165E-23
 7182.227640    2.2630120632E-03    9.1273604586E-23
 7182.236400    2.1807274765E-03    8.7954837112E-23
 7182.245160    2.0871755126E-03    8.4181624809E-23
 7182.253920    1.9866010027E-03    8.0125173585E-23
 7182.262680    1.8828349926E-03    7.5940000235E-23
 7182.271440    1.7790767087E-03    7.1755138508E-23
 7182.280200    1.6778653246E-03    6.7673000367E-23
 7182.288960    1.5808730923E-03    6.3761032418E-23
 7182.297720    1.4893460747E-03    6.0069491863E-23
 7182.306480    1.4039684838E-03    5.6625974880E-23
 7182.315240    1.3250414813E-03    5.3442628163E-23
 7182.324000    1.2525884094E-03    5.0520393172E-23
 7182.332760    1.1864424736E-03    4.7852542620E-23
 7182.341520    1.1261331813E-03    4.5420100218E-23
 7182.350280    1.0716683283E-03    4.3223380394E-23
 7182.359040    1.0224694049E-03    4.1239050236E-23
 7182.367800    9.7814416726E-04    3.9451289457E-23
 7182.376560    9.3829772991E-04    3.7844171216E-23
 7182.385320    9.0255668456E-04    3.6402634914E-23
 7182.394080    8.7057186184E-04    3.5112597574E-23
 7182.402840    8.4201954892E-04    3.3961002953E-23
 7182.411600    8.1660354603E-04    3.2935904486E-23
 7182.420360    7.9405555925E-04    3.2026481128E-23
 7182.429120    7.7413589912E-04    3.1223065533E-23
 7182.437880    7.5663422749E-04    3.0517174176E-23
 7182.446640    7.4136995710E-04    2.9901523468E-23
 7182.455400    7.2819137292E-04    2.9369994317E-23
 7182.464160    7.1697356062E-04    2.8917548578E-23
 7182.472920    7.0761533367E-04    2.8540105117E-23
 7182.481680    7.0003540571E-04    2.8234385426E-23
 7182.490440    6.9416493837E-04    2.7997613063E-23
 7182.499200    6.8993586721E-04    2.7827042797E-23
 7182.507960    6.8728529506E-04    2.7720137810E-23
 7182.516720    6.8618089912E-04    2.7675594434E-23
 7182.525480    6.8661841247E-04    2.7693240571E-23
 7182.534240    6.8859654097E-04    2.7773024025E-23
 7182.543000    6.9211492133E-04    2.7914930143E-23
 7182.551760    6.9718335196E-04    2.8119354123E-23
 7182.560520    7.0382528401E-04    2.8387241816E-23
 7182.569280    7.1207715091E-04    2.8720062683E-23
 7182.578040    7.2198853429E-04    2.9119816489E-23
 7182.586800    7.3362213268E-04    2.9589032044E-23
 7182.595560    7.4705402187E-04    3.0130777695E-23
 7182.604320    7.6237666751E-04    3.0748782840E-23
 7182.613080    7.7969633438E-04    3.1447333436E-23
 7182.621840    7.9913809430E-04    3.2231473979E-23
 7182.630600    8.2084613042E-04    3.3107019778E-23
 7182.639360    8.4498580897E-04    3.4080640515E-23
 7182.648120    8.7174645038E-04    3.5159972015E-23
 7182.656880    9.0134388371E-04    3.6353719264E-23
 7182.665640    9.3402370340E-04    3.7671787775E-23
 7182.674400    9.7006494016E-04    3.9125431636E-23
 7182.683160    1.0097842552E-03    4.0727422681E-23
 7182.691920    1.0535407091E-03    4.2492242820E-23
 7182.700680    1.1017411472E-03    4.4436301275E-23
 7182.709440    1.1548462328E-03    4.6578177872E-23
 7182.718200    1.2133770182E-03    4.8938888120E-23
 7182.726960    1.2779226371E-03    5.1542193420E-23
 7182.735720    1.3491474137E-03    5.4414887825E-23
 7182.744480    1.4277992348E-03    5.7587135707E-23
 7182.753240    1.5147171661E-03    6.1092778923E-23
 7182.762000    1.6108382100E-03    6.4969609406E-23
 7182.770760    1.7172019479E-03    6.9259556383E-23
 7182.779520    1.8349512996E-03    7.4008717000E-23
 7182.788280    1.9653267696E-03    7.9267124276E-23
 7182.797040    2.1096508353E-03    8.5088117420E-23
 7182.805800    2.2692942401E-03    9.1526982346E-23
 7182.814560    2.4456239133E-03    9.8638851138E-23
 7182.823320    2.6399134259E-03    1.0647509048E-22
 7182.832080    2.8532111089E-03    1.1507798248E-22
 7182.840840    3.0861500080E-03    1.2447305965E-22
 7182.849600    3.3386877056E-03    1.3465861116E-22
 7182.858360    3.6096084290E-03    1.4558560151E-22
 7182.867120    3.8967273862E-03    1.5716591193E-22
 7182.875880    4.1956114088E-03    1.6922074034E-22
 7182.884640    4.4997054279E-03    1.8148570247E-22
 7182.893400    4.7999764891E-03    1.9359647401E-22
 7182.902160    5.0849996445E-03    2.0509225488E-22
 7182.910920    5.3415242081E-03    2.1543860786E-22
 7182.919680    5.5556090939E-03    2.2407324995E-22
 7182.928440    5.7142401344E-03    2.3047128339E-22
 7182.937200    5.8072539165E-03    2.3422278932E-22
 7182.945960    5.8288631422E-03    2.3509434982E-22
 7182.954720    5.7786394263E-03    2.3306868691E-22
 7182.963480    5.6614309556E-03    2.2834134154E-22
 7182.972240    5.4863436380E-03    2.2127958042E-22
 7182.981000    5.2651153932E-03    2.1235682669E-22
 7182.989760    5.0103692635E-03    2.0208220293E-22
 7182.998520    4.7341643738E-03    1.9094208737E-22
 7183.007280    4.4470624661E-03    1.7936246461E-22
 7183.016040    4.1577155696E-03    1.6769229517E-22
 7183.024800    3.8728298472E-03    1.5620205736E-22
 7183.033560    3.5974809119E-03    1.4509646484E-22
 7183.042320    3.3348743360E-03    1.3450480730E-22
 7183.051080    3.0874244620E-03    1.2452446194E-22
 7183.059840    2.8564121363E-03    1.1520708886E-22
 7183.068600    2.6423502131E-03    1.0657337292E-22
 7183.077360    2.4451654171E-03    9.8620358707E-23
 7183.086120    2.2643718950E-03    9.1328450406E-23
 7183.094880    2.0991382069E-03    8.4664113721E-23
 7183.103640    1.9485040057E-03    7.8588615166E-23
 7183.112400    1.8113933911E-03    7.3058560674E-23
 7183.121160    1.6866993192E-03    6.8029300072E-23
 7183.129920    1.5733301370E-03    6.3456803940E-23
 7183.138680    1.4702403641E-03    5.9298905126E-23
 7183.147440    1.3764491462E-03    5.5516043039E-23
 7183.156200    1.2910494532E-03    5.2071634620E-23
 7183.164960    1.2132110161E-03    4.8932192789E-23
 7183.173720    1.1421786392E-03    4.6067258400E-23
 7183.182480    1.0772681456E-03    4.3449236687E-23
 7183.191240    1.0178608717E-03    4.1053175209E-23
 7183.200000    9.6339739304E-04    3.8856510816E-23
 7183.208760    9.1337061407E-04    3.6838790930E-23
 7183.217520    8.6731835152E-04    3.4981374405E-23
 7183.226280    8.2481623722E-04    3.3267145287E-23
 7183.235040    7.8547279475E-04    3.1680314235E-23
 7183.243800    7.4963064039E-04    3.0234699924E-23
 7183.252560    7.1548291446E-04    2.8857426650E-23
 7183.261320    6.8362200023E-04    2.7572386887E-23
 7183.270080    6.5373523665E-04    2.6366970139E-23
 7183.278840    6.2564840182E-04    2.5234149550E-23
 7183.287600    5.9923138691E-04    2.4168677469E-23
 7183.296360    5.7438473845E-04    2.3166542658E-23
 7183.305120    5.5102515925E-04    2.2224385508E-23
 7183.313880    5.2907422246E-04    2.1339042846E-23
 7183.322640    5.0845223171E-04    2.0507300293E-23
 7183.331400    4.8907681930E-04    1.9725835731E-23
 7183.340160    4.7086457290E-04    1.8991284907E-23
 7183.348920    4.5373392084E-04    1.8300357807E-23
 7183.357680    4.3760783561E-04    1.7649947696E-23
 7183.366440    4.2241561838E-04    1.7037203093E-23
 7183.375200    4.0809307293E-04    1.6459534785E-23
 7183.383960    3.9458323527E-04    1.5914645254E-23
 7183.392720    3.8183432880E-04    1.5400446207E-23
 7183.401480    3.6979971517E-04    1.4915056587E-23
 7183.410240    3.5843720557E-04    1.4456774801E-23
 7183.419000    3.4796006051E-04    1.4034202244E-23
 7183.427760    3.3783414683E-04    1.3625795830E-23
 7183.436520    3.2827928418E-04    1.3240421501E-23
 7183.445280    3.1927097280E-04    1.2877091113E-23
 7183.454040    3.1078969407E-04    1.2535017425E-23
 7183.462800    3.0282114601E-04    1.2213623599E-23
 7183.471560    2.9535755450E-04    1.1912596084E-23
 7183.480320    2.8839757765E-04    1.1631880755E-23
 7183.489080    2.8194682830E-04    1.1371703995E-23
 7183.497840    2.7601774953E-04    1.1132567669E-23
 7183.506600    2.7062846036E-04    1.0915202567E-23
 7183.515360    2.6579871214E-04    1.0720405316E-23
 7183.524120    2.6152315615E-04    1.0547960187E-23
 7183.532880    2.5781904716E-04    1.0398563113E-23
 7183.541640    2.5458384759E-04    1.0268078468E-23
 7183.550400    2.5159992619E-04    1.0147728574E-23
 7183.559160    2.4848434163E-04    1.0022068337E-23
 7183.567920    2.4480235243E-04    9.8735634159E-24
 7183.576680    2.4028638449E-04    9.6914218012E-24
 7183.585440    2.3493843731E-04    9.4757241368E-24
 7183.594200    2.2899210033E-04    9.2358917385E-24
 7183.602960    2.2279976917E-04    8.9861377071E-24
 7183.611720    2.1669328284E-04    8.7398460381E-24
 7183.620480    2.1089292116E-04    8.5059012317E-24
 7183.629240    2.0549678159E-04    8.2882598338E-24
 7183.638000    2.0051433452E-04    8.0873038110E-24
 7183.646760    1.9590572981E-04    7.9014258960E-24
 7183.655520    1.9161051396E-04    7.7281878298E-24
 7183.664280    1.8756515851E-04    7.5650273326E-24
 7183.673040    1.8371225366E-04    7.4096289061E-24
 7183.681800    1.8000579491E-04    7.2601370603E-24
 7183.690560    1.7633961023E-04    7.1122695804E-24
 7183.699320    1.7284198713E-04    6.9712006600E-24
 7183.708080    1.6943049997E-04    6.8336058434E-24
 7183.716840    1.6610355402E-04    6.6994208100E-24
 7183.725600    1.6286334731E-04    6.5687342131E-24
 7183.734360    1.5971339440E-04    6.4416878038E-24
 7183.743120    1.5665741563E-04    6.3184316348E-24
 7183.751880    1.5369905391E-04    6.1991126338E-24
 7183.760640    1.5084175555E-04    6.0838698011E-24
 7183.769400    1.4808891811E-04    5.9728401693E-24
 7183.778160    1.4544333669E-04    5.8661364730E-24
 7183.786920    1.4290801552E-04    5.7638798808E-24
 7183.795680    1.4048565556E-04    5.6661793299E-24
 7183.804440    1.3817885647E-04    5.5731396719E-24
 7183.813200    1.3598969496E-04    5.4848446669E-24
 7183.821960    1.3389214288E-04    5.4002445260E-24
 7183.830720    1.3193219251E-04    5.3211942470E-24
 7183.839480    1.3006561246E-04    5.2459098539E-24
 7183.848240    1.2825735594E-04    5.1729778119E-24
 7183.857000    1.2646028223E-04    5.1004968042E-24
 7183.865760    1.2463433767E-04    5.0268513541E-24
 7183.874520    1.2276898201E-04    4.9516163443E-24
 7183.883280    1.2088753676E-04    4.8757323963E-24
 7183.892040    1.1902922162E-04    4.8007813503E-24
 7183.900800    1.1722715916E-04    4.7280991323E-24
 7183.909560    1.1583039522E-04    4.6717637365E-24
 7183.918320    1.1418104937E-04    4.6052410064E-24
 7183.927080    1.1260621079E-04    4.5417233627E-24
 7183.935840    1.1109977443E-04    4.4809645721E-24
 7183.944600    1.0965557747E-04    4.4227160699E-24
 7183.953360    1.0826851084E-04    4.3667717944E-24
 7183.962120    1.0693524779E-04    4.3129975670E-24
 7183.970880    1.0565435901E-04    4.2613357411E-24
 7183.979640    1.0442644041E-04    4.2118103503E-24
 7183.988400    1.0325417556E-04    4.1645296309E-24
 7183.997160    1.0214242641E-04    4.1196896789E-24
 7184.005920    1.0109841812E-04    4.0775819049E-24
 7184.014680    1.0013196205E-04    4.0386020290E-24
 7184.023440    9.9221181628E-05    4.0018677079E-24
 7184.032200    9.8449313708E-05    3.9707361164E-24
 7184.040960    9.7794900366E-05    3.9443417963E-24
 7184.049720    9.7261372504E-05    3.9228231257E-24
 7184.058480    9.6827056303E-05    3.9053059389E-24
 7184.067240    9.6425746945E-05    3.8891200103E-24
 7184.076000    9.5942061979E-05    3.8696116431E-24
 7184.084760    9.5245973823E-05    3.8415364613E-24
 7184.093520    9.4263000772E-05    3.8018904095E-24
 7184.102280    9.3024128895E-05    3.7519232424E-24
 7184.111040    9.1644013714E-05    3.6962593379E-24
 7184.119800    9.0250757452E-05    3.6400654169E-24
 7184.128560    8.8932440145E-05    3.5868939935E-24
 7184.137320    8.7727362032E-05    3.5382898234E-24
 7184.146080    8.6640342826E-05    3.4944472992E-24
 7184.154840    8.5661075158E-05    3.4549506958E-24
 7184.163600    8.4775429032E-05    3.4192301110E-24
 7184.172360    8.3967688527E-05    3.3866516778E-24
 7184.181120    8.3233150669E-05    3.3570257119E-24
 7184.189880    8.2561495529E-05    3.3299359820E-24
 7184.198640    8.1947610004E-05    3.3051762621E-24
 7184.207400    8.1388277567E-05    3.2826168209E-24
 7184.216160    8.0881823288E-05    3.2621901036E-24
 7184.224920    8.0427834605E-05    3.2438794705E-24
 7184.233680    8.0026947047E-05    3.2277105543E-24
 7184.242440    7.9680816347E-05    3.2137501353E-24
 7184.251200    7.9391890275E-05    3.2020969389E-24
 7184.259960    7.9163490351E-05    3.1928849313E-24
 7184.268720    7.8999770148E-05    3.1862816377E-24
 7184.277480    7.8905723862E-05    3.1824884880E-24
 7184.286240    7.8887189463E-05    3.1817409439E-24
 7184.295000    7.8950845025E-05    3.1843083507E-24
 7184.303760    7.9104168299E-05    3.1904923071E-24
 7184.312520    7.9355334537E-05    3.2006225438E-24
 7184.321280    7.9713024227E-05    3.2150491692E-24
 7184.330040    8.0186006848E-05    3.2341258809E-24
 7184.338800    8.0782605582E-05    3.2581883761E-24
 7184.347560    8.1509702975E-05    3.2875142471E-24
 7184.356320    8.2371338979E-05    3.3222664366E-24
 7184.365080    8.3366714215E-05    3.3624127032E-24
 7184.373840    8.4486542634E-05    3.4075785148E-24
 7184.382600    8.5713513713E-05    3.4570656894E-24
 7184.391360    8.7013400172E-05    3.5094937452E-24
 7184.400120    8.8335267168E-05    3.5628083374E-24
 7184.408880    8.9613183394E-05    3.6143502723E-24
 7184.417640    9.0748073812E-05    3.6601235763E-24
 7184.426400    9.1643059613E-05    3.6962208563E-24
 7184.435160    9.2196120701E-05    3.7185273565E-24
 7184.443920    9.2322309064E-05    3.7236168861E-24
 7184.452680    9.1971665684E-05    3.7094744581E-24
 7184.461440    9.1140943346E-05    3.6759691032E-24
 7184.470200    8.9873869682E-05    3.6248644792E-24
 7184.478960    8.8250186836E-05    3.5593768097E-24
 7184.487720    8.6368653761E-05    3.4834893195E-24
 7184.496480    8.4330315421E-05    3.4012774344E-24
 7184.505240    8.2226156278E-05    3.3164108123E-24
 7184.514000    8.0130287377E-05    3.2318785588E-24
 7184.522760    7.8097893328E-05    3.1499064236E-24
 7184.531520    7.6167224557E-05    3.0720371534E-24
 7184.540280    7.4359055463E-05    2.9991086376E-24
 7184.549040    7.2685723849E-05    2.9316184945E-24
 7184.557800    7.1152831623E-05    2.8697926645E-24
 7184.566560    6.9753532538E-05    2.8133550196E-24
 7184.575320    6.8490702939E-05    2.7624215706E-24
 7184.584080    6.7346603812E-05    2.7162768535E-24
 7184.592840    6.6319676913E-05    2.6748580201E-24
 7184.601600    6.5403208741E-05    2.6378942960E-24
 7184.610360    6.4591120627E-05    2.6051405115E-24
 7184.619120    6.3878366042E-05    2.5763931260E-24
 7184.627880    6.3260749529E-05    2.5514829250E-24
 7184.636640    6.2734645719E-05    2.5302636872E-24
 7184.645400    6.2296317844E-05    2.5125846983E-24
 7184.654160    6.1940741886E-05    2.4982433256E-24
 7184.662920    6.1659586585E-05    2.4869035461E-24
 7184.671680    6.1440023005E-05    2.4780479330E-24
 7184.680440    6.1261058158E-05    2.4708297802E-24
 7184.689200    6.1093866226E-05    2.4640864621E-24
 7184.697960    6.0903906066E-05    2.4564248377E-24
 7184.706720    6.0657334343E-05    2.4464799106E-24
 7184.715480    6.0330049663E-05    2.4332796043E-24
 7184.724240    5.9915304314E-05    2.4165517646E-24
 7184.733000    5.9425540980E-05    2.3967982398E-24
 7184.741760    5.8887303415E-05    2.3750896137E-24
 7184.750520    5.8332263841E-05    2.3527033156E-24
 7184.759280    5.7789019602E-05    2.3307927564E-24
 7184.768040    5.7278565526E-05    2.3102047161E-24
 7184.776800    5.6813541987E-05    2.2914490164E-24
 7184.785560    5.6399753527E-05    2.2747597708E-24
 7184.794320    5.6038385308E-05    2.2601847800E-24
 7184.803080    5.5727984507E-05    2.2476654477E-24
 7184.811840    5.5465887647E-05    2.2370943485E-24
 7184.820600    5.5249116367E-05    2.2283513566E-24
 7184.829360    5.5074880654E-05    2.2213239431E-24
 7184.838120    5.4940802945E-05    2.2159162141E-24
 7184.846880    5.4845135920E-05    2.2120576955E-24
 7184.855640    5.4786626970E-05    2.2096978660E-24
 7184.864400    5.4764566019E-05    2.2088080861E-24
 7184.873160    5.4778784351E-05    2.2093815512E-24
 7184.881920    5.4829530718E-05    2.2114282941E-24
 7184.890680    5.4917349340E-05    2.2149702647E-24
 7184.899440    5.5042858732E-05    2.2200324094E-24
 7184.908200    5.5206429545E-05    2.2266296777E-24
 7184.916960    5.5407596558E-05    2.2347433058E-24
 7184.925720    5.5644357878E-05    2.2442925520E-24
 7184.934480    5.5912365037E-05    2.2551020301E-24
 7184.943240    5.6204403587E-05    2.2668807615E-24
 7184.952000    5.6510546743E-05    2.2792283710E-24
 7184.960760    5.6820976306E-05    2.2917488633E-24
 7184.969520    5.7158920583E-05    2.3053791010E-24
 7184.978280    5.7457303498E-05    2.3174137183E-24
 7184.987040    5.7752433681E-05    2.3293171439E-24
 7184.995800    5.8054004709E-05    2.3414803467E-24
 7185.004560    5.8376448393E-05    2.3544854022E-24
 7185.013320    5.8732614443E-05    2.3688505749E-24
 7185.022080    5.9133717787E-05    2.3850281944E-24
 7185.030840    5.9588155460E-05    2.4033569365E-24
 7185.039600    6.0101854163E-05    2.4240758416E-24
 7185.048360    6.0678898859E-05    2.4473496678E-24
 7185.057120    6.1323332592E-05    2.4733414823E-24
 7185.065880    6.2038127245E-05    2.5021711495E-24
 7185.074640    6.2826769912E-05    2.5339793135E-24
 7185.083400    6.3693214964E-05    2.5689254653E-24
 7185.092160    6.4642057056E-05    2.6071949201E-24
 7185.100920    6.5678692142E-05    2.6490053119E-24
 7185.109680    6.6809332638E-05    2.6946072047E-24
 7185.118440    6.8041140966E-05    2.7442894791E-24
 7185.127200    6.9382324628E-05    2.7983831666E-24
 7185.135960    7.0842155198E-05    2.8572622155E-24
 7185.144720    7.2431190261E-05    2.9213524431E-24
 7185.153480    7.4161345683E-05    2.9911344493E-24
 7185.162240    7.6046029594E-05    3.0671490216E-24
 7185.171000    7.8100330436E-05    3.1500047190E-24
 7185.179760    8.0341212646E-05    3.2403857647E-24
 7185.188520    8.2787758639E-05    3.3390618059E-24
 7185.197280    8.5461454377E-05    3.4468994315E-24
 7185.206040    8.8386595749E-05    3.5648785626E-24
 7185.214800    9.1590637556E-05    3.6941065282E-24
 7185.223560    9.5104679511E-05    3.8358376666E-24
 7185.232320    9.8963848401E-05    3.9914887393E-24
 7185.241080    1.0320754627E-04    4.1626489409E-24
 7185.249840    1.0787943699E-04    4.3510793578E-24
 7185.258600    1.1302704465E-04    4.5586967691E-24
 7185.267360    1.1870081378E-04    4.7875357436E-24
 7185.276120    1.2495242885E-04    5.0396808610E-24
 7185.284880    1.3183198545E-04    5.3171526158E-24
 7185.293640    1.3938425319E-04    5.6217566924E-24
 7185.302400    1.4764002292E-04    5.9547349713E-24
 7185.311160    1.5661764268E-04    6.3168274805E-24
 7185.319920    1.6630105272E-04    6.7073864851E-24
 7185.328680    1.7663724202E-04    7.1242739026E-24
 7185.337440    1.8752469399E-04    7.5633952853E-24
 7185.346200    1.9881721507E-04    8.0188542378E-24
 7185.354960    2.1032279434E-04    8.4829064228E-24
 7185.363720    2.2183257219E-04    8.9471279484E-24
 7185.372480    2.3316328343E-04    9.4041272170E-24
 7185.381240    2.4420910532E-04    9.8496361012E-24
 7185.390000    2.5499611239E-04    1.0284706260E-23
 7185.398760    2.6572141697E-04    1.0717287785E-23
 7185.407520    2.7676683469E-04    1.1162780368E-23
 7185.416280    2.8868749134E-04    1.1643573785E-23
 7185.425040    3.0218707963E-04    1.2188049930E-23
 7185.433800    3.1810102828E-04    1.2829903979E-23
 7185.442560    3.3739263054E-04    1.3607988243E-23
 7185.451320    3.6114250916E-04    1.4565887260E-23
 7185.460080    3.9088410049E-04    1.5765448805E-23
 7185.468840    4.2778086398E-04    1.7253598451E-23
 7185.477600    4.7406232735E-04    1.9120259286E-23
 7185.486360    5.3232458574E-04    2.1470139086E-23
 7185.495120    6.0597874797E-04    2.4440817408E-23
 7185.503880    6.9950307404E-04    2.8212915002E-23
 7185.512640    8.1869324088E-04    3.3020187722E-23
 7185.521400    9.7071888026E-04    3.9151806869E-23
 7185.530160    1.1635345299E-03    4.6928601191E-23
 7185.538920    1.4036767933E-03    5.6614210183E-23
 7185.547680    1.6911025979E-03    6.8206896616E-23
 7185.556440    2.0093286920E-03    8.1041844850E-23
 7185.565200    2.3165210320E-03    9.3431770923E-23
 7185.573960    2.5463752466E-03    1.0270243414E-22
 7185.582720    2.6323796357E-03    1.0617123165E-22
 7185.591480    2.5460422271E-03    1.0268900253E-22
 7185.600240    2.3159462793E-03    9.3408589542E-23
 7185.609000    2.0080411046E-03    8.0989912846E-23
 7185.617760    1.6878876368E-03    6.8077228244E-23
 7185.626520    1.3972963915E-03    5.6356870741E-23
 7185.635280    1.1527847016E-03    4.6495030557E-23
 7185.644040    9.5498812325E-04    3.8517341451E-23
 7185.652800    7.9767394248E-04    3.2172420642E-23
 7185.661560    6.7302436082E-04    2.7144954455E-23
 7185.670320    5.7389745726E-04    2.3146889245E-23
 7185.679080    4.9447652930E-04    1.9943621135E-23
 7185.687840    4.3025267611E-04    1.7353293546E-23
 7185.696600    3.7780307479E-04    1.5237854460E-23
 7185.705360    3.3454491011E-04    1.3493131715E-23
 7185.714120    2.9852647478E-04    1.2040407499E-23
 7185.722880    2.6826474998E-04    1.0819867517E-23
 7185.731640    2.4230593207E-04    9.7728758021E-24
 7185.740400    2.2041428098E-04    8.8899242981E-24
 7185.749160    2.0158185608E-04    8.1303599403E-24
 7185.757920    1.8527124987E-04    7.4725075827E-24
 7185.766680    1.7105563159E-04    6.8991519462E-24
 7185.775440    1.5859360868E-04    6.3965237144E-24
 7185.784200    1.4760956287E-04    5.9535064322E-24
 7185.792960    1.3787931704E-04    5.5610584090E-24
 7185.801720    1.2921921203E-04    5.2117721576E-24
 7185.810480    1.2147771321E-04    4.8995358628E-24
 7185.819240    1.1452897219E-04    4.6192737067E-24
 7185.828000    1.0826783487E-04    4.3667445306E-24
 7185.836760    1.0260535379E-04    4.1383608344E-24
 7185.845520    9.7468306616E-05    3.9311693571E-24
 7185.854280    9.2792009280E-05    3.7425612092E-24
 7185.863040    8.8522623610E-05    3.5703649466E-24
 7185.871800    8.4613674499E-05    3.4127060984E-24
 7185.880560    8.1025131538E-05    3.2679701261E-24
 7185.889320    7.7722353547E-05    3.1347598541E-24
 7185.898080    7.4675244064E-05    3.0118614080E-24
 7185.906840    7.1857553731E-05    2.8982160777E-24
 7185.915600    6.9246305334E-05    2.7928971281E-24
 7185.924360    6.6821318941E-05    2.6950906458E-24
 7185.933120    6.4584445247E-05    2.6048712748E-24
 7185.941880    6.2479096560E-05    2.5199566750E-24
 7185.950640    6.0514432779E-05    2.4407162909E-24
 7185.959400    5.8676331951E-05    2.3665805446E-24
 7185.968160    5.6953829259E-05    2.2971071944E-24
 7185.976920    5.5337147072E-05    2.2319018811E-24
 7185.985680    5.3817540686E-05    2.1706119062E-24
 7185.994440    5.2387165358E-05    2.1129208695E-24
 7186.003200    5.1038963054E-05    2.0585441006E-24
 7186.011960    4.9766566665E-05    2.0072247962E-24
 7186.020720    4.8564219022E-05    1.9587307536E-24
 7186.029480    4.7426908718E-05    1.9128598488E-24
 7186.038240    4.6349493226E-05    1.8694046692E-24
 7186.047000    4.5327871799E-05    1.8281998203E-24
 7186.055760    4.4358126321E-05    1.7890872735E-24
 7186.064520    4.3436684381E-05    1.7519229434E-24
 7186.073280    4.2560284720E-05    1.7165752944E-24
 7186.082040    4.1728168391E-05    1.6830137160E-24
 7186.090800    4.0933176757E-05    1.6509494803E-24
 7186.099560    4.0173311937E-05    1.6203020074E-24
 7186.108320    3.9449323228E-05    1.5911015182E-24
 7186.117080    3.8758156851E-05    1.5632248455E-24
 7186.125840    3.8096948948E-05    1.5365564819E-24
 7186.134600    3.7465031166E-05    1.5110694707E-24
 7186.143360    3.6860218465E-05    1.4866756832E-24
 7186.152120    3.6281013342E-05    1.4633147210E-24
 7186.160880    3.5726383745E-05    1.4409449584E-24
 7186.169640    3.5194383832E-05    1.4194879142E-24
 7186.178400    3.4684200735E-05    1.3989108033E-24
 7186.187160    3.4194779970E-05    1.3791710953E-24
 7186.195920    3.3725162125E-05    1.3602300944E-24
 7186.204680    3.3274467335E-05    1.3420523133E-24
 7186.213440    3.2841938425E-05    1.3246072128E-24
 7186.222200    3.2426869747E-05    1.3078663324E-24
 7186.230960    3.2028652495E-05    1.2918051171E-24
 7186.239720    3.1646763115E-05    1.2764024505E-24
 7186.248480    3.1280763996E-05    1.2616406826E-24
 7186.257240    3.0930304492E-05    1.2475056708E-24
 7186.266000    3.0595121584E-05    1.2339868068E-24
 7186.274760    3.0275038938E-05    1.2210769787E-24
 7186.283520    2.9969962294E-05    1.2087723845E-24
 7186.292280    2.9679866122E-05    1.1970719947E-24
 7186.301040    2.9404770008E-05    1.1859765992E-24
 7186.309800    2.9144698478E-05    1.1754871871E-24
 7186.318560    2.8899600637E-05    1.1656017059E-24
 7186.327320    2.8669233780E-05    1.1563103663E-24
 7186.336080    2.8452992643E-05    1.1475887566E-24
 7186.344840    2.8249687803E-05    1.1393889039E-24
 7186.353600    2.8057728593E-05    1.1316466522E-24
 7186.362360    2.7871493528E-05    1.1241352712E-24
 7186.371120    2.7690806432E-05    1.1168476554E-24
 7186.379880    2.7502791108E-05    1.1092644716E-24
 7186.388640    2.7315417007E-05    1.1017071502E-24
 7186.397400    2.7118978530E-05    1.0937842371E-24
 7186.406160    2.6910543930E-05    1.0853774869E-24
 7186.414920    2.6691215263E-05    1.0765313484E-24
 7186.423680    2.6561725737E-05    1.0713086737E-24
 7186.432440    2.6331169934E-05    1.0620097135E-24
 7186.441200    2.6101650199E-05    1.0527525407E-24
 7186.449960    2.5877494949E-05    1.0437117327E-24
 7186.458720    2.5662206621E-05    1.0350285524E-24
 7186.467480    2.5457865162E-05    1.0267868900E-24
 7186.476240    2.5265928776E-05    1.0190455588E-24
 7186.485000    2.5086985536E-05    1.0118282776E-24
 7186.493760    2.4921080699E-05    1.0051368716E-24
 7186.502520    2.4767767449E-05    9.9895331949E-25
 7186.511280    2.4626656952E-05    9.9326193858E-25
 7186.520040    2.4496788149E-05    9.8802396660E-25
 7186.528800    2.4377064258E-05    9.8319516729E-25
 7186.537560    2.4266234630E-05    9.7872509848E-25
 7186.546320    2.4162726682E-05    9.7455033350E-25
 7186.555080    1.6030716316E-05    6.4656361582E-25
 7186.563840    1.5964499678E-05    6.4389291366E-25
 7186.572600    1.5897718708E-05    6.4119945040E-25
 7186.581360    1.5830773670E-05    6.3849936981E-25
 7186.590120    1.5762300985E-05    6.3573767495E-25
 7186.598880    1.5691840571E-05    6.3289580945E-25
 7186.607640    1.5618886169E-05    6.2995335439E-25
 7186.616400    1.5555432981E-05    6.2739410991E-25
 7186.625160    1.5481458705E-05    6.2441052051E-25
 7186.633920    1.5409962800E-05    6.2152689070E-25
 7186.642680    1.5344661497E-05    6.1889310657E-25
 7186.651440    1.5286520744E-05    6.1654812742E-25
 7186.660200    1.5239539176E-05    6.1465322938E-25
 7186.668960    1.5206816192E-05    6.1333341997E-25
 7186.677720    1.5191592015E-05    6.1271938631E-25
 7186.686480    1.5197212461E-05    6.1294607465E-25
 7186.695240    1.5227445143E-05    6.1416544324E-25
 7186.704000    1.5286650725E-05    6.1655336991E-25
 7186.712760    1.5380191663E-05    6.2032613750E-25
 7186.721520    1.5514330047E-05    6.2573631362E-25
 7186.730280    1.5697368245E-05    6.3311875597E-25
 7186.739040    1.5939830236E-05    6.4289792607E-25
 7186.747800    1.6255327312E-05    6.5562280540E-25
 7186.756560    1.6661573540E-05    6.7200785173E-25
 7186.765320    1.7181230789E-05    6.9296708172E-25
 7186.774080    1.7847108423E-05    7.1982378870E-25
 7186.782840    1.8686825872E-05    7.5369194151E-25
 7186.791600    1.9743851092E-05    7.9632472442E-25
 7186.800360    2.1054649626E-05    8.4919289469E-25
 7186.809120    2.2633275612E-05    9.1286329504E-25
 7186.817880    2.4443461626E-05    9.8587315879E-25
 7186.826640    2.6351375190E-05    1.0628246480E-24
 7186.835400    2.8115139104E-05    1.1339621786E-24
 7186.844160    2.9440347066E-05    1.1874115214E-24
 7186.852920    3.0113544165E-05    1.2145634429E-24
 7186.861680    3.0117836485E-05    1.2147365641E-24
 7186.870440    2.9612152400E-05    1.1943409110E-24
 7186.879200    2.8784610904E-05    1.1609638484E-24
 7186.887960    2.7725951288E-05    1.1182651457E-24
 7186.896720    2.6433445345E-05    1.0661347668E-24
 7186.905480    2.4911863096E-05    1.0047650999E-24
 7186.914240    2.3246527187E-05    9.3759744589E-25
 7186.923000    2.1580338568E-05    8.7039539972E-25
 7186.931760    2.0042249911E-05    8.0835998318E-25
 7186.940520    1.8703540866E-05    7.5436610398E-25
 7186.949280    1.7579375743E-05    7.0902538105E-25
 7186.958040    1.6651969928E-05    6.7162051124E-25
 7186.966800    1.5891230431E-05    6.4093776003E-25
 7186.975560    1.5258197702E-05    6.1540577994E-25
 7186.984320    1.4742544114E-05    5.9460802878E-25
 7186.993080    1.4314231812E-05    5.7733299597E-25
