%local_iso_id	nu	sw	delta_air	delta_self	gamma_self	gamma_air
1	7443.0398	2.904e-28	-0.02114		0.281	0.0649
1	7443.1921	5.495e-29	0.000956		0.298	0.0641
1	7443.2798	6.36e-25	-0.01762		0.326	0.051
1	7443.2836	5.046e-27	-0.00012		0.25	0.0535
1	7443.3717	8.511e-28	-0.003195		0.352	0.0689
1	7443.5371	4.271e-29	-0.00478		0.298	0.0838
1	7443.6045	5.813e-27	-0.007			0.456	0.099
1	7443.6111	1.09e-25	-0.01906		0.315	0.0393
1	7443.647167	1.678e-29	-0.02976		0.235	0.0293
1	7443.7031	6.64e-27	-0.01948		0.298	0.0281
1	7443.7836	2.31e-27	-0.01075		0.391	0.0865
1	7443.8062	4.97e-27	-0.0102			0.281	0.0493
1	7443.8255	1.69e-26	-0.00372		0.4	0.0929
1	7443.8848	1.2e-27		-0.00616		0.352	0.0884
1	7444.1503	6.04e-28	-0.01064		0.315	0.0621
1	7444.2745	1.109e-29	-0.002172		0.352	0.0655
1	7444.3518	2.18e-23	-0.02038		0.366	0.0199
1	7444.368159	6.207e-24	-0.02584		0.25	0.0188
1	7444.3706	1.863e-23	-0.0273			0.194	0.0153
1	7444.4259	8.14e-28	-0.01742		0.371	0.0644
1	7444.4863	2.363e-28	-0.02794		0.25	0.0558
1	7444.5626	6.27e-24	-0.018389		0.189	0.0209
1	7444.6318	3.053e-27	-0.00564		0.352	0.0859
1	7444.6463	4.729e-26	-0.012615		0.298	0.0462
1	7444.6954	2.2e-23		-0.006269		0.358	0.0534
1	7444.9893	1.09e-27	-0.01184		0.352	0.0785
1	7445.0981	7.64e-25	-0.00184		0.265	0.0427
1	7445.1234	1.66e-24	-0.01118		0.451	0.0941
1	7445.1444	7.137e-29	-0.02416		0.221	0.0249
1	7445.1809	2.011e-28	-0.017244		0.298	0.0195
1	7445.1809	6.702e-29	-0.017588		0.298	0.019
1	7445.3003	2.43e-28	-0.022128		0.25	0.041
1	7445.408536	1.646e-25	-0.011236		0.352	0.0201
1	7445.4094	4.937e-25	-0.014924		0.152	0.0262
1	7445.5375	4.97e-24	-0.01932		0.385	0.063
1	7445.6258	3.12e-27	-0.02628		0.281	0.0806
1	7445.6837	5.19e-24	-0.011549		0.316	0.061
1	7445.8525	3.21e-26	-0.0132			0.456	0.101
1	7445.8706	3.4e-25		-0.0174			0.315	0.0406
