%nu,H2O/x=.0014/T=296K/P=1atm/L=10cm
7443.0,0.0
7443.001,9.54647090089e-07
7443.002,9.49560861114e-07
7443.003,9.44498920581e-07
7443.004,9.39469524775e-07
7443.005,9.34480316188e-07
7443.006,9.29538326902e-07
7443.007,9.2464998703e-07
7443.008,9.19821137573e-07
7443.009,9.15057047102e-07
7443.01,9.10362431665e-07
7443.011,9.05741477355e-07
7443.012,9.0119786498e-07
7443.013,8.96734796339e-07
7443.014,8.92355021628e-07
7443.015,8.88060867541e-07
7443.016,8.83854265682e-07
7443.017,8.79736780932e-07
7443.018,8.75709639462e-07
7443.019,8.71773756135e-07
7443.02,8.67929761032e-07
7443.021,8.6417802493e-07
7443.022,8.60518683546e-07
7443.023,8.56951660401e-07
7443.024,8.53476688192e-07
7443.025,8.50093328582e-07
7443.026,8.46800990321e-07
7443.027,8.43598945662e-07
7443.028,8.40486345039e-07
7443.029,8.37462229997e-07
7443.03,8.34525544398e-07
7443.031,8.31675143956e-07
7443.032,8.28909804159e-07
7443.033,8.26228226709e-07
7443.034,8.23629044613e-07
7443.035,8.21110826115e-07
7443.036,8.18672077687e-07
7443.037,8.16311246333e-07
7443.038,8.14026721512e-07
7443.039,8.11816836969e-07
7443.04,8.09679872831e-07
7443.041,8.07614058273e-07
7443.042,8.05617575105e-07
7443.043,8.0368856254e-07
7443.044,8.01825123418e-07
7443.045,8.00025332046e-07
7443.046,7.98287243776e-07
7443.047,7.96608906331e-07
7443.048,7.94988372784e-07
7443.049,7.93423716024e-07
7443.05,7.91913044398e-07
7443.051,7.90454518157e-07
7443.052,7.89046366245e-07
7443.053,7.87686902888e-07
7443.054,7.86374543447e-07
7443.055,7.85107818941e-07
7443.056,7.83885388701e-07
7443.057,7.82706050666e-07
7443.058,7.81568748884e-07
7443.059,7.80472577928e-07
7443.06,7.7941678403e-07
7443.061,7.78400762875e-07
7443.062,7.7742405416e-07
7443.063,7.76486333129e-07
7443.064,7.75587399435e-07
7443.065,7.74727163771e-07
7443.066,7.73905632816e-07
7443.067,7.73122893047e-07
7443.068,7.72379094034e-07
7443.069,7.7167443179e-07
7443.07,7.71009132727e-07
7443.071,7.70383438708e-07
7443.072,7.69797593584e-07
7443.073,7.69251831542e-07
7443.074,7.68746367471e-07
7443.075,7.68281389442e-07
7443.076,7.67857053342e-07
7443.077,7.67473479567e-07
7443.078,7.6713075163e-07
7443.079,7.66828916504e-07
7443.08,7.66567986415e-07
7443.081,7.66347941853e-07
7443.082,7.66168735501e-07
7443.083,7.66030296822e-07
7443.084,7.65932537042e-07
7443.085,7.65875354322e-07
7443.086,7.65858638897e-07
7443.087,7.65882278056e-07
7443.088,7.65946160822e-07
7443.089,7.66050182259e-07
7443.09,7.66194247342e-07
7443.091,7.66378274377e-07
7443.092,7.66602197954e-07
7443.093,7.66865971454e-07
7443.094,7.67169569144e-07
7443.095,7.67512987877e-07
7443.096,7.67896248465e-07
7443.097,7.68319396736e-07
7443.098,7.68782504358e-07
7443.099,7.69285669429e-07
7443.1,7.6982901691e-07
7443.101,7.70412698913e-07
7443.102,7.71036894881e-07
7443.103,7.71701811692e-07
7443.104,7.72407683707e-07
7443.105,7.73154772784e-07
7443.106,7.73943368264e-07
7443.107,7.74773786964e-07
7443.108,7.75646373165e-07
7443.109,7.76561498619e-07
7443.11,7.77519562576e-07
7443.111,7.78520991832e-07
7443.112,7.79566240814e-07
7443.113,7.80655791693e-07
7443.114,7.8179015453e-07
7443.115,7.82969867464e-07
7443.116,7.84195496931e-07
7443.117,7.85467637921e-07
7443.118,7.86786914275e-07
7443.119,7.8815397902e-07
7443.12,7.89569514732e-07
7443.121,7.91034233951e-07
7443.122,7.92548879616e-07
7443.123,7.94114225552e-07
7443.124,7.95731076978e-07
7443.125,7.97400271057e-07
7443.126,7.99122677485e-07
7443.127,8.00899199104e-07
7443.128,8.02730772559e-07
7443.129,8.04618368976e-07
7443.13,8.06562994688e-07
7443.131,8.08565691983e-07
7443.132,8.10627539885e-07
7443.133,8.1274965497e-07
7443.134,8.14933192211e-07
7443.135,8.17179345854e-07
7443.136,8.19489350325e-07
7443.137,8.21864481161e-07
7443.138,8.24306055981e-07
7443.139,8.26815435468e-07
7443.14,8.29394024395e-07
7443.141,8.32043272665e-07
7443.142,8.34764676378e-07
7443.143,8.37559778923e-07
7443.144,8.40430172091e-07
7443.145,8.43377497202e-07
7443.146,8.46403446259e-07
7443.147,8.49509763108e-07
7443.148,8.52698244612e-07
7443.149,8.55970741838e-07
7443.15,8.59329161242e-07
7443.151,8.62775465866e-07
7443.152,8.66311676518e-07
7443.153,8.69939872959e-07
7443.154,8.73662195062e-07
7443.155,8.77480843965e-07
7443.156,8.81398083185e-07
7443.157,8.85416239706e-07
7443.158,8.89537705022e-07
7443.159,8.93764936123e-07
7443.16,8.98100456428e-07
7443.161,9.02546856636e-07
7443.162,9.07106795492e-07
7443.163,9.11783000453e-07
7443.164,9.16578268241e-07
7443.165,9.21495465259e-07
7443.166,9.2653752786e-07
7443.167,9.31707462443e-07
7443.168,9.37008345359e-07
7443.169,9.42443322604e-07
7443.17,9.48015609265e-07
7443.171,9.53728488705e-07
7443.172,9.59585311446e-07
7443.173,9.65589493723e-07
7443.174,9.71744515676e-07
7443.175,9.78053919142e-07
7443.176,9.84521305005e-07
7443.177,9.91150330066e-07
7443.178,9.97944703389e-07
7443.179,1.00490818207e-06
7443.18,1.01204456639e-06
7443.181,1.0193576943e-06
7443.182,1.02685143513e-06
7443.183,1.03452968262e-06
7443.184,1.04239634696e-06
7443.185,1.05045534607e-06
7443.186,1.0587105958e-06
7443.187,1.06716599915e-06
7443.188,1.07582543441e-06
7443.189,1.0846927421e-06
7443.19,1.09377171069e-06
7443.191,1.10306606105e-06
7443.192,1.11257942956e-06
7443.193,1.12231534972e-06
7443.194,1.13227723243e-06
7443.195,1.14246834464e-06
7443.196,1.15289178644e-06
7443.197,1.16355046661e-06
7443.198,1.17444707646e-06
7443.199,1.18558406204e-06
7443.2,1.19696359462e-06
7443.201,1.20858753956e-06
7443.202,1.22045742342e-06
7443.203,1.23257439952e-06
7443.204,1.24493921175e-06
7443.205,1.25755215699e-06
7443.206,1.27041304587e-06
7443.207,1.28352116225e-06
7443.208,1.29687522142e-06
7443.209,1.31047332703e-06
7443.21,1.32431292716e-06
7443.211,1.33839076948e-06
7443.212,1.35270285581e-06
7443.213,1.36724439624e-06
7443.214,1.38200976318e-06
7443.215,1.3969924454e-06
7443.216,1.41218500262e-06
7443.217,1.42757902071e-06
7443.218,1.44316506809e-06
7443.219,1.45893265353e-06
7443.22,1.47487018592e-06
7443.221,1.49096493623e-06
7443.222,1.50720300245e-06
7443.223,1.52356927769e-06
7443.224,1.54004742214e-06
7443.225,1.55661983949e-06
7443.226,1.57326765825e-06
7443.227,1.58997071872e-06
7443.228,1.60670756616e-06
7443.229,1.6234554509e-06
7443.23,1.64019033594e-06
7443.231,1.65688691286e-06
7443.232,1.67351862662e-06
7443.233,1.69005770985e-06
7443.234,1.70647522745e-06
7443.235,1.72274113189e-06
7443.236,1.73882432983e-06
7443.237,1.75469276054e-06
7443.238,1.7703134864e-06
7443.239,1.78565279581e-06
7443.24,1.80067631858e-06
7443.241,1.81534915378e-06
7443.242,1.82963600983e-06
7443.243,1.8435013565e-06
7443.244,1.85690958812e-06
7443.245,1.86982519736e-06
7443.246,1.8822129584e-06
7443.247,1.89403811837e-06
7443.248,1.90526659562e-06
7443.249,1.91586518304e-06
7443.25,1.92580175481e-06
7443.251,1.93504547423e-06
7443.252,1.94356700087e-06
7443.253,1.95133869436e-06
7443.254,1.95833481275e-06
7443.255,1.96453170284e-06
7443.256,1.96990798022e-06
7443.257,1.9744446965e-06
7443.258,1.97812549165e-06
7443.259,1.98093672913e-06
7443.26,1.98286761205e-06
7443.261,1.98391027841e-06
7443.262,1.9840598743e-06
7443.263,1.98331460349e-06
7443.264,1.9816757529e-06
7443.265,1.97914769334e-06
7443.266,1.97573785532e-06
7443.267,1.9714566802e-06
7443.268,1.96631754732e-06
7443.269,1.9603366779e-06
7443.27,1.95353301703e-06
7443.271,1.94592809534e-06
7443.272,1.93754587195e-06
7443.273,1.92841256112e-06
7443.274,1.91855644436e-06
7443.275,1.90800767082e-06
7443.276,1.89679804811e-06
7443.277,1.88496082624e-06
7443.278,1.87253047717e-06
7443.279,1.85954247248e-06
7443.28,1.84603306153e-06
7443.281,1.83203905251e-06
7443.282,1.81759759834e-06
7443.283,1.80274598969e-06
7443.284,1.78752145656e-06
7443.285,1.77196098023e-06
7443.286,1.75610111677e-06
7443.287,1.73997783327e-06
7443.288,1.72362635757e-06
7443.289,1.70708104218e-06
7443.29,1.69037524275e-06
7443.291,1.67354121123e-06
7443.292,1.65661000386e-06
7443.293,1.63961140349e-06
7443.294,1.62257385624e-06
7443.295,1.60552442164e-06
7443.296,1.5884887359e-06
7443.297,1.57149098737e-06
7443.298,1.55455390357e-06
7443.299,1.53769874872e-06
7443.3,1.5209453311e-06
7443.301,1.50431201903e-06
7443.302,1.48781576481e-06
7443.303,1.47147213549e-06
7443.304,1.4552953496e-06
7443.305,1.43929831909e-06
7443.306,1.42349269538e-06
7443.307,1.40788891899e-06
7443.308,1.39249627183e-06
7443.309,1.37732293147e-06
7443.31,1.36237602687e-06
7443.311,1.34766169488e-06
7443.312,1.33318513696e-06
7443.313,1.31895067582e-06
7443.314,1.30496181142e-06
7443.315,1.29122127604e-06
7443.316,1.27773108812e-06
7443.317,1.26449260461e-06
7443.318,1.25150657161e-06
7443.319,1.23877317315e-06
7443.32,1.22629207801e-06
7443.321,1.21406248437e-06
7443.322,1.20208316242e-06
7443.323,1.19035249466e-06
7443.324,1.1788685141e-06
7443.325,1.16762894017e-06
7443.326,1.15663121252e-06
7443.327,1.14587252268e-06
7443.328,1.1353498436e-06
7443.329,1.12505995719e-06
7443.33,1.11499947993e-06
7443.331,1.10516488659e-06
7443.332,1.09555253215e-06
7443.333,1.08615867203e-06
7443.334,1.07697948071e-06
7443.335,1.06801106877e-06
7443.336,1.05924949855e-06
7443.337,1.05069079841e-06
7443.338,1.04233097572e-06
7443.339,1.03416602867e-06
7443.34,1.02619195699e-06
7443.341,1.01840477156e-06
7443.342,1.01080050316e-06
7443.343,1.00337521025e-06
7443.344,9.96124985984e-07
7443.345,9.89045964394e-07
7443.346,9.82134325946e-07
7443.347,9.75386302402e-07
7443.348,9.68798181104e-07
7443.349,9.62366308713e-07
7443.35,9.56087094443e-07
7443.351,9.49957012847e-07
7443.352,9.43972606182e-07
7443.353,9.38130486397e-07
7443.354,9.32427336781e-07
7443.355,9.26859913299e-07
7443.356,9.21425045658e-07
7443.357,9.16119638114e-07
7443.358,9.10940670076e-07
7443.359,9.05885196504e-07
7443.36,9.00950348158e-07
7443.361,8.96133331692e-07
7443.362,8.91431429649e-07
7443.363,8.86842000355e-07
7443.364,8.82362477747e-07
7443.365,8.77990371163e-07
7443.366,8.73723265107e-07
7443.367,8.69558819011e-07
7443.368,8.65494767029e-07
7443.369,8.61528917866e-07
7443.37,8.57659154684e-07
7443.371,8.53883435089e-07
7443.372,8.50199791231e-07
7443.373,8.46606330037e-07
7443.374,8.43101233595e-07
7443.375,8.39682759705e-07
7443.376,8.36349242625e-07
7443.377,8.3309909402e-07
7443.378,8.29930804123e-07
7443.379,8.26842943132e-07
7443.38,8.23834162815e-07
7443.381,8.20903198351e-07
7443.382,8.18048870352e-07
7443.383,8.15270087052e-07
7443.384,8.12565846604e-07
7443.385,8.0993523939e-07
7443.386,8.07377450239e-07
7443.387,8.04891760409e-07
7443.388,8.02477549099e-07
7443.389,8.00134294277e-07
7443.39,7.97861572469e-07
7443.391,7.95659057137e-07
7443.392,7.93526515184e-07
7443.393,7.9146380104e-07
7443.394,7.89470847737e-07
7443.395,7.8754765431e-07
7443.396,7.85694268835e-07
7443.397,7.83910766435e-07
7443.398,7.82197221627e-07
7443.399,7.80553674519e-07
7443.4,7.78980090555e-07
7443.401,7.77476313815e-07
7443.402,7.76042014238e-07
7443.403,7.74676629609e-07
7443.404,7.73379303689e-07
7443.405,7.72148822434e-07
7443.406,7.70983550841e-07
7443.407,7.69881373478e-07
7443.408,7.6883964218e-07
7443.409,7.67855134682e-07
7443.41,7.66924027997e-07
7443.411,7.66041890204e-07
7443.412,7.65203693815e-07
7443.413,7.64403853236e-07
7443.414,7.63636287813e-07
7443.415,7.62894510811e-07
7443.416,7.62171743318e-07
7443.417,7.61461050637e-07
7443.418,7.60755497295e-07
7443.419,7.60048315469e-07
7443.42,7.5933308046e-07
7443.421,7.58603886013e-07
7443.422,7.57855511786e-07
7443.423,7.57083575227e-07
7443.424,7.56284660575e-07
7443.425,7.55456418577e-07
7443.426,7.54597631868e-07
7443.427,7.53708242659e-07
7443.428,7.52789341264e-07
7443.429,7.51843116059e-07
7443.43,7.50872767435e-07
7443.431,7.49882390108e-07
7443.432,7.48876829652e-07
7443.433,7.47861520218e-07
7443.434,7.46842311056e-07
7443.435,7.45825289586e-07
7443.436,7.44816608509e-07
7443.437,7.43822323712e-07
7443.438,7.42848248693e-07
7443.439,7.41899829991e-07
7443.44,7.40982046643e-07
7443.441,7.40099335313e-07
7443.442,7.39255541304e-07
7443.443,7.38453894425e-07
7443.444,7.3769700761e-07
7443.445,7.36986895377e-07
7443.446,7.36325008624e-07
7443.447,7.3571228201e-07
7443.448,7.35149190077e-07
7443.449,7.34635808502e-07
7443.45,7.34171877226e-07
7443.451,7.33756862662e-07
7443.452,7.33390016824e-07
7443.453,7.33070431705e-07
7443.454,7.32797087888e-07
7443.455,7.32568896785e-07
7443.456,7.32384736382e-07
7443.457,7.32243480658e-07
7443.458,7.321440231e-07
7443.459,7.32085294887e-07
7443.46,7.32066278413e-07
7443.461,7.32086016815e-07
7443.462,7.32143620205e-07
7443.463,7.32238269217e-07
7443.464,7.32369216444e-07
7443.465,7.32535786249e-07
7443.466,7.32737373387e-07
7443.467,7.32973440777e-07
7443.468,7.332435167e-07
7443.469,7.33547191666e-07
7443.47,7.3388411511e-07
7443.471,7.34253992054e-07
7443.472,7.34656579831e-07
7443.473,7.35091684937e-07
7443.474,7.35559160067e-07
7443.475,7.36058901343e-07
7443.476,7.36590845776e-07
7443.477,7.3715496895e-07
7443.478,7.37751282926e-07
7443.479,7.38379834372e-07
7443.48,7.390407029e-07
7443.481,7.39733999603e-07
7443.482,7.40459865773e-07
7443.483,7.41218471797e-07
7443.484,7.42010016212e-07
7443.485,7.42834724903e-07
7443.486,7.43692850441e-07
7443.487,7.44584671542e-07
7443.488,7.45510492646e-07
7443.489,7.46470643588e-07
7443.49,7.4746547938e-07
7443.491,7.48495380068e-07
7443.492,7.49560750678e-07
7443.493,7.50662021228e-07
7443.494,7.51799646816e-07
7443.495,7.5297410776e-07
7443.496,7.54185909808e-07
7443.497,7.55435584384e-07
7443.498,7.56723688897e-07
7443.499,7.58050807079e-07
7443.5,7.59417549374e-07
7443.501,7.60824553351e-07
7443.502,7.62272484153e-07
7443.503,7.63762034968e-07
7443.504,7.65293927525e-07
7443.505,7.668689126e-07
7443.506,7.68487770536e-07
7443.507,7.70151311767e-07
7443.508,7.71860377337e-07
7443.509,7.73615839413e-07
7443.51,7.75418601778e-07
7443.511,7.77269600303e-07
7443.512,7.79169803373e-07
7443.513,7.81120212275e-07
7443.514,7.83121861523e-07
7443.515,7.85175819106e-07
7443.516,7.87283186653e-07
7443.517,7.89445099483e-07
7443.518,7.91662726539e-07
7443.519,7.93937270161e-07
7443.52,7.96269965699e-07
7443.521,7.9866208092e-07
7443.522,8.01114915185e-07
7443.523,8.03629798368e-07
7443.524,8.06208089477e-07
7443.525,8.08851174933e-07
7443.526,8.11560466472e-07
7443.527,8.14337398616e-07
7443.528,8.17183425663e-07
7443.529,8.2010001814e-07
7443.53,8.23088658664e-07
7443.531,8.26150837135e-07
7443.532,8.29288045198e-07
7443.533,8.32501769907e-07
7443.534,8.35793486498e-07
7443.535,8.39164650208e-07
7443.536,8.42616687039e-07
7443.537,8.46150983388e-07
7443.538,8.49768874464e-07
7443.539,8.53471631379e-07
7443.54,8.57260446853e-07
7443.541,8.61136419431e-07
7443.542,8.65100536136e-07
7443.543,8.69153653489e-07
7443.544,8.73296476833e-07
7443.545,8.7752953791e-07
7443.546,8.81853170658e-07
7443.547,8.86267485225e-07
7443.548,8.90772340206e-07
7443.549,8.95367313149e-07
7443.55,9.0005166941e-07
7443.551,9.04824329483e-07
7443.552,9.09683834951e-07
7443.553,9.14628313297e-07
7443.554,9.19655441816e-07
7443.555,9.24762410985e-07
7443.556,9.2994588766e-07
7443.557,9.35201978568e-07
7443.558,9.40526194625e-07
7443.559,9.45913416648e-07
7443.56,9.51357863151e-07
7443.561,9.5685306092e-07
7443.562,9.62391819149e-07
7443.563,9.67966207963e-07
7443.564,9.73567542175e-07
7443.565,9.79186371164e-07
7443.566,9.84812475737e-07
7443.567,9.90434872859e-07
7443.568,9.96041829052e-07
7443.569,1.00162088323e-06
7443.57,1.00715887965e-06
7443.571,1.01264201149e-06
7443.572,1.01805587551e-06
7443.573,1.02338553794e-06
7443.574,1.0286156118e-06
7443.575,1.03373034524e-06
7443.576,1.03871372062e-06
7443.577,1.04354956371e-06
7443.578,1.04822166194e-06
7443.579,1.0527138906e-06
7443.58,1.05701034562e-06
7443.581,1.06109548114e-06
7443.582,1.06495425013e-06
7443.583,1.06857224599e-06
7443.584,1.07193584291e-06
7443.585,1.07503233281e-06
7443.586,1.07785005652e-06
7443.587,1.08037852689e-06
7443.588,1.08260854171e-06
7443.589,1.08453228432e-06
7443.59,1.08614340998e-06
7443.591,1.08743711645e-06
7443.592,1.08841019735e-06
7443.593,1.08906107733e-06
7443.594,1.08938982824e-06
7443.595,1.0893981662e-06
7443.596,1.08908942941e-06
7443.597,1.08846853737e-06
7443.598,1.08754193219e-06
7443.599,1.08631750318e-06
7443.6,1.08480449629e-06
7443.601,1.08301341003e-06
7443.602,1.08095587983e-06
7443.603,1.07864455313e-06
7443.604,1.07609295719e-06
7443.605,1.07331536214e-06
7443.606,1.07032664136e-06
7443.607,1.06714213157e-06
7443.608,1.06377749465e-06
7443.609,1.06024858315e-06
7443.61,1.05657131133e-06
7443.611,1.05276153324e-06
7443.612,1.0488349292e-06
7443.613,1.04480690164e-06
7443.614,1.04069248131e-06
7443.615,1.03650624418e-06
7443.616,1.03226223963e-06
7443.617,1.02797392974e-06
7443.618,1.02365413971e-06
7443.619,1.01931501915e-06
7443.62,1.01496801361e-06
7443.621,1.01062384588e-06
7443.622,1.00629250631e-06
7443.623,1.00198325134e-06
7443.624,9.97704609421e-07
7443.625,9.93464393398e-07
7443.626,9.89269718589e-07
7443.627,9.85127025523e-07
7443.628,9.81042106605e-07
7443.629,9.77020135831e-07
7443.63,9.7306570082e-07
7443.631,9.6918283642e-07
7443.632,9.65375059264e-07
7443.633,9.61645402674e-07
7443.634,9.57996451392e-07
7443.635,9.54430375683e-07
7443.636,9.50948964409e-07
7443.637,9.47553656735e-07
7443.638,9.44245572186e-07
7443.639,9.41025538825e-07
7443.64,9.37894119362e-07
7443.641,9.34851635056e-07
7443.642,9.31898187306e-07
7443.643,9.29033676874e-07
7443.644,9.26257820688e-07
7443.645,9.23570166248e-07
7443.646,9.20970103643e-07
7443.647,9.18456875245e-07
7443.648,9.16029583169e-07
7443.649,9.13687194599e-07
7443.65,9.11428545147e-07
7443.651,9.09252340396e-07
7443.652,9.07157155848e-07
7443.653,9.05141435513e-07
7443.654,9.03203489415e-07
7443.655,9.01341490311e-07
7443.656,8.99553469978e-07
7443.657,8.97837315417e-07
7443.658,8.96190765379e-07
7443.659,8.94611407626e-07
7443.66,8.93096677335e-07
7443.661,8.91643857092e-07
7443.662,8.90250078873e-07
7443.663,8.88912328418e-07
7443.664,8.87627452337e-07
7443.665,8.86392168264e-07
7443.666,8.85203078284e-07
7443.667,8.84056685781e-07
7443.668,8.82949415756e-07
7443.669,8.81877638568e-07
7443.67,8.80837696913e-07
7443.671,8.79825935746e-07
7443.672,8.78838734736e-07
7443.673,8.77872542712e-07
7443.674,8.76923913471e-07
7443.675,8.75989542204e-07
7443.676,8.7506630175e-07
7443.677,8.74151277825e-07
7443.678,8.73241802367e-07
7443.679,8.72335484127e-07
7443.68,8.71430235717e-07
7443.681,8.70524296354e-07
7443.682,8.69616249681e-07
7443.683,8.68705036135e-07
7443.684,8.67789959523e-07
7443.685,8.66870687578e-07
7443.686,8.65947246485e-07
7443.687,8.65020009506e-07
7443.688,8.64089680014e-07
7443.689,8.63157269401e-07
7443.69,8.62224070454e-07
7443.691,8.61291626902e-07
7443.692,8.60361699941e-07
7443.693,8.59436232581e-07
7443.694,8.58517312688e-07
7443.695,8.57607135587e-07
7443.696,8.56707967079e-07
7443.697,8.55822107618e-07
7443.698,8.54951858364e-07
7443.699,8.54099489706e-07
7443.7,8.53267212718e-07
7443.701,8.52457153937e-07
7443.702,8.51671333703e-07
7443.703,8.50911648184e-07
7443.704,8.5017985512e-07
7443.705,8.49477563198e-07
7443.706,8.48806224908e-07
7443.707,8.48167132631e-07
7443.708,8.47561417687e-07
7443.709,8.46990052005e-07
7443.71,8.46453852059e-07
7443.711,8.45953484724e-07
7443.712,8.4548947467e-07
7443.713,8.45062212963e-07
7443.714,8.44671966531e-07
7443.715,8.44318888208e-07
7443.716,8.44003027078e-07
7443.717,8.43724338881e-07
7443.718,8.434826963e-07
7443.719,8.43277898938e-07
7443.72,8.43109682878e-07
7443.721,8.42977729705e-07
7443.722,8.4288167494e-07
7443.723,8.42821115815e-07
7443.724,8.42795618381e-07
7443.725,8.4280472393e-07
7443.726,8.42847954752e-07
7443.727,8.42924819222e-07
7443.728,8.43034816274e-07
7443.729,8.43177439272e-07
7443.73,8.43352179329e-07
7443.731,8.43558528111e-07
7443.732,8.43795980175e-07
7443.733,8.44064034872e-07
7443.734,8.44362197862e-07
7443.735,8.4468998229e-07
7443.736,8.45046909639e-07
7443.737,8.45432510315e-07
7443.738,8.4584632399e-07
7443.739,8.46287899728e-07
7443.74,8.46756795923e-07
7443.741,8.4725258008e-07
7443.742,8.47774828448e-07
7443.743,8.48323125543e-07
7443.744,8.48897063553e-07
7443.745,8.49496241672e-07
7443.746,8.5012026534e-07
7443.747,8.5076874544e-07
7443.748,8.51441297436e-07
7443.749,8.52137540467e-07
7443.75,8.52857096421e-07
7443.751,8.53599588978e-07
7443.752,8.54364642645e-07
7443.753,8.55151881781e-07
7443.754,8.55960929634e-07
7443.755,8.56791407375e-07
7443.756,8.57642933166e-07
7443.757,8.58515121243e-07
7443.758,8.59407581039e-07
7443.759,8.60319916352e-07
7443.76,8.61251724565e-07
7443.761,8.62202595925e-07
7443.762,8.631721129e-07
7443.763,8.64159849608e-07
7443.764,8.65165371346e-07
7443.765,8.66188234213e-07
7443.766,8.67227984843e-07
7443.767,8.68284160259e-07
7443.768,8.69356287856e-07
7443.769,8.70443885514e-07
7443.77,8.71546461862e-07
7443.771,8.72663516684e-07
7443.772,8.73794541481e-07
7443.773,8.74939020195e-07
7443.774,8.76096430089e-07
7443.775,8.77266242781e-07
7443.776,8.78447925446e-07
7443.777,8.7964094216e-07
7443.778,8.808447554e-07
7443.779,8.82058827665e-07
7443.78,8.8328262324e-07
7443.781,8.84515610058e-07
7443.782,8.85757261662e-07
7443.783,8.87007059237e-07
7443.784,8.88264493707e-07
7443.785,8.89529067852e-07
7443.786,8.90800298448e-07
7443.787,8.92077718376e-07
7443.788,8.93360878702e-07
7443.789,8.94649350684e-07
7443.79,8.95942727685e-07
7443.791,8.97240626972e-07
7443.792,8.9854269137e-07
7443.793,8.99848590758e-07
7443.794,9.01158023372e-07
7443.795,9.02470716921e-07
7443.796,9.03786429475e-07
7443.797,9.05104950135e-07
7443.798,9.06426099463e-07
7443.799,9.07749729683e-07
7443.8,9.09075724629e-07
7443.801,9.10403999473e-07
7443.802,9.11734500207e-07
7443.803,9.13067202922e-07
7443.804,9.14402112867e-07
7443.805,9.15739263331e-07
7443.806,9.17078714341e-07
7443.807,9.18420551218e-07
7443.808,9.19764883004e-07
7443.809,9.21111840777e-07
7443.81,9.22461575897e-07
7443.811,9.23814258182e-07
7443.812,9.25170074067e-07
7443.813,9.26529224737e-07
7443.814,9.27891924289e-07
7443.815,9.29258397918e-07
7443.816,9.30628880162e-07
7443.817,9.32003613216e-07
7443.818,9.33382845329e-07
7443.819,9.34766829305e-07
7443.82,9.36155821107e-07
7443.821,9.37550078583e-07
7443.822,9.38949860308e-07
7443.823,9.40355424557e-07
7443.824,9.41767028401e-07
7443.825,9.43184926934e-07
7443.826,9.44609372613e-07
7443.827,9.46040614732e-07
7443.828,9.47478898996e-07
7443.829,9.48924467211e-07
7443.83,9.50377557064e-07
7443.831,9.51838402009e-07
7443.832,9.53307231219e-07
7443.833,9.54784269618e-07
7443.834,9.56269737983e-07
7443.835,9.57763853088e-07
7443.836,9.59266827904e-07
7443.837,9.60778871832e-07
7443.838,9.62300190966e-07
7443.839,9.63830988378e-07
7443.84,9.65371464412e-07
7443.841,9.66921816995e-07
7443.842,9.68482241942e-07
7443.843,9.70052933264e-07
7443.844,9.71634083459e-07
7443.845,9.73225883803e-07
7443.846,9.74828524618e-07
7443.847,9.76442195527e-07
7443.848,9.78067085685e-07
7443.849,9.79703383998e-07
7443.85,9.81351279307e-07
7443.851,9.83010960563e-07
7443.852,9.8468261697e-07
7443.853,9.86366438113e-07
7443.854,9.88062614055e-07
7443.855,9.89771335423e-07
7443.856,9.91492793466e-07
7443.857,9.93227180098e-07
7443.858,9.94974687925e-07
7443.859,9.96735510248e-07
7443.86,9.98509841059e-07
7443.861,1.00029787502e-06
7443.862,1.00209980744e-06
7443.863,1.0039158342e-06
7443.864,1.00574615175e-06
7443.865,1.00759095701e-06
7443.866,1.00945044733e-06
7443.867,1.01132482041e-06
7443.868,1.01321427421e-06
7443.869,1.01511900691e-06
7443.87,1.01703921681e-06
7443.871,1.01897510227e-06
7443.872,1.02092686159e-06
7443.873,1.02289469299e-06
7443.874,1.02487879452e-06
7443.875,1.02687936398e-06
7443.876,1.02889659886e-06
7443.877,1.03093069626e-06
7443.878,1.03298185289e-06
7443.879,1.03505026494e-06
7443.88,1.0371361281e-06
7443.881,1.03923963747e-06
7443.882,1.04136098755e-06
7443.883,1.04350037219e-06
7443.884,1.04565798458e-06
7443.885,1.04783401723e-06
7443.886,1.05002866194e-06
7443.887,1.05224210979e-06
7443.888,1.05447455116e-06
7443.889,1.05672617571e-06
7443.89,1.05899717238e-06
7443.891,1.06128772942e-06
7443.892,1.0635980344e-06
7443.893,1.06592827421e-06
7443.894,1.06827863512e-06
7443.895,1.07064930277e-06
7443.896,1.07304046224e-06
7443.897,1.07545229806e-06
7443.898,1.07788499426e-06
7443.899,1.08033873439e-06
7443.9,1.08281370161e-06
7443.901,1.08531007872e-06
7443.902,1.08782804819e-06
7443.903,1.09036779223e-06
7443.904,1.09292949286e-06
7443.905,1.09551333196e-06
7443.906,1.09811949133e-06
7443.907,1.10074815275e-06
7443.908,1.10339949803e-06
7443.909,1.10607370913e-06
7443.91,1.10877096816e-06
7443.911,1.11149145751e-06
7443.912,1.11423535988e-06
7443.913,1.11700285835e-06
7443.914,1.11979413651e-06
7443.915,1.12260937845e-06
7443.916,1.1254487689e-06
7443.917,1.12831249329e-06
7443.918,1.13120073779e-06
7443.919,1.13411368944e-06
7443.92,1.13705153621e-06
7443.921,1.14001446705e-06
7443.922,1.14300267199e-06
7443.923,1.14601634224e-06
7443.924,1.14905567022e-06
7443.925,1.15212084969e-06
7443.926,1.15521207579e-06
7443.927,1.15832954513e-06
7443.928,1.16147345588e-06
7443.929,1.16464400783e-06
7443.93,1.16784140249e-06
7443.931,1.17106584317e-06
7443.932,1.17431753503e-06
7443.933,1.17759668517e-06
7443.934,1.18090350273e-06
7443.935,1.18423819896e-06
7443.936,1.18760098728e-06
7443.937,1.19099208336e-06
7443.938,1.19441170523e-06
7443.939,1.19786007333e-06
7443.94,1.20133741057e-06
7443.941,1.20484394247e-06
7443.942,1.20837989716e-06
7443.943,1.21194550551e-06
7443.944,1.21554100121e-06
7443.945,1.21916662079e-06
7443.946,1.22282260377e-06
7443.947,1.22650919268e-06
7443.948,1.23022663315e-06
7443.949,1.23397517403e-06
7443.95,1.2377550674e-06
7443.951,1.24156656868e-06
7443.952,1.24540993671e-06
7443.953,1.24928543381e-06
7443.954,1.25319332588e-06
7443.955,1.25713388245e-06
7443.956,1.26110737677e-06
7443.957,1.2651140859e-06
7443.958,1.26915429074e-06
7443.959,1.27322827618e-06
7443.96,1.27733633111e-06
7443.961,1.28147874854e-06
7443.962,1.28565582567e-06
7443.963,1.28986786394e-06
7443.964,1.29411516916e-06
7443.965,1.29839805155e-06
7443.966,1.30271682584e-06
7443.967,1.30707181134e-06
7443.968,1.31146333203e-06
7443.969,1.31589171664e-06
7443.97,1.32035729873e-06
7443.971,1.32486041679e-06
7443.972,1.3294014143e-06
7443.973,1.33398063984e-06
7443.974,1.33859844716e-06
7443.975,1.34325519528e-06
7443.976,1.34795124858e-06
7443.977,1.35268697686e-06
7443.978,1.35746275549e-06
7443.979,1.36227896545e-06
7443.98,1.36713599345e-06
7443.981,1.37203423202e-06
7443.982,1.3769740796e-06
7443.983,1.38195594066e-06
7443.984,1.38698022579e-06
7443.985,1.39204735177e-06
7443.986,1.39715774173e-06
7443.987,1.40231182522e-06
7443.988,1.40751003832e-06
7443.989,1.41275282375e-06
7443.99,1.41804063099e-06
7443.991,1.4233739164e-06
7443.992,1.4287531433e-06
7443.993,1.43417878212e-06
7443.994,1.4396513105e-06
7443.995,1.44517121345e-06
7443.996,1.4507389834e-06
7443.997,1.45635512039e-06
7443.998,1.4620201322e-06
7443.999,1.46773453443e-06
7444.0,1.47349885068e-06
7444.001,1.47931361265e-06
7444.002,1.48517936033e-06
7444.003,1.49109664209e-06
7444.004,1.49706601486e-06
7444.005,1.50308804424e-06
7444.006,1.50916330471e-06
7444.007,1.51529237973e-06
7444.008,1.52147586192e-06
7444.009,1.52771435321e-06
7444.01,1.53400846503e-06
7444.011,1.54035881845e-06
7444.012,1.54676604436e-06
7444.013,1.55323078365e-06
7444.014,1.55975368739e-06
7444.015,1.56633541698e-06
7444.016,1.57297664441e-06
7444.017,1.57967805237e-06
7444.018,1.58644033449e-06
7444.019,1.59326419553e-06
7444.02,1.60015035159e-06
7444.021,1.6070995303e-06
7444.022,1.61411247105e-06
7444.023,1.6211899252e-06
7444.024,1.62833265632e-06
7444.025,1.63554144038e-06
7444.026,1.64281706602e-06
7444.027,1.65016033478e-06
7444.028,1.65757206131e-06
7444.029,1.66505307368e-06
7444.03,1.67260421359e-06
7444.031,1.68022633663e-06
7444.032,1.68792031259e-06
7444.033,1.69568702568e-06
7444.034,1.70352737485e-06
7444.035,1.71144227404e-06
7444.036,1.71943265252e-06
7444.037,1.72749945515e-06
7444.038,1.7356436427e-06
7444.039,1.74386619217e-06
7444.04,1.75216809711e-06
7444.041,1.76055036795e-06
7444.042,1.76901403233e-06
7444.043,1.77756013545e-06
7444.044,1.78618974046e-06
7444.045,1.79490392874e-06
7444.046,1.80370380036e-06
7444.047,1.81259047441e-06
7444.048,1.82156508943e-06
7444.049,1.83062880375e-06
7444.05,1.83978279597e-06
7444.051,1.84902826534e-06
7444.052,1.85836643219e-06
7444.053,1.8677985384e-06
7444.054,1.87732584783e-06
7444.055,1.88694964682e-06
7444.056,1.8966712446e-06
7444.057,1.90649197386e-06
7444.058,1.9164131912e-06
7444.059,1.92643627769e-06
7444.06,1.93656263934e-06
7444.061,1.94679370772e-06
7444.062,1.95713094046e-06
7444.063,1.96757582183e-06
7444.064,1.97812986339e-06
7444.065,1.98879460453e-06
7444.066,1.99957161311e-06
7444.067,2.01046248614e-06
7444.068,2.02146885039e-06
7444.069,2.0325923631e-06
7444.07,2.04383471268e-06
7444.071,2.05519761941e-06
7444.072,2.06668283622e-06
7444.073,2.07829214939e-06
7444.074,2.09002737943e-06
7444.075,2.10189038179e-06
7444.076,2.11388304781e-06
7444.077,2.12600730548e-06
7444.078,2.13826512041e-06
7444.079,2.15065849674e-06
7444.08,2.16318947806e-06
7444.081,2.17586014847e-06
7444.082,2.18867263353e-06
7444.083,2.20162910139e-06
7444.084,2.21473176385e-06
7444.085,2.22798287753e-06
7444.086,2.24138474507e-06
7444.087,2.25493971635e-06
7444.088,2.26865018977e-06
7444.089,2.28251861364e-06
7444.09,2.29654748756e-06
7444.091,2.31073936388e-06
7444.092,2.32509684924e-06
7444.093,2.3396226062e-06
7444.094,2.35431935489e-06
7444.095,2.36918987479e-06
7444.096,2.38423700661e-06
7444.097,2.39946365418e-06
7444.098,2.41487278656e-06
7444.099,2.43046744017e-06
7444.1,2.44625072105e-06
7444.101,2.46222580724e-06
7444.102,2.47839595132e-06
7444.103,2.494764483e-06
7444.104,2.51133481193e-06
7444.105,2.52811043052e-06
7444.106,2.545094917e-06
7444.107,2.5622919385e-06
7444.108,2.5797052543e-06
7444.109,2.59733871905e-06
7444.11,2.61519628613e-06
7444.111,2.63328201094e-06
7444.112,2.6516000541e-06
7444.113,2.67015468454e-06
7444.114,2.68895028228e-06
7444.115,2.70799134084e-06
7444.116,2.72728246916e-06
7444.117,2.74682839269e-06
7444.118,2.76663395364e-06
7444.119,2.78670411012e-06
7444.12,2.80704393377e-06
7444.121,2.82765860585e-06
7444.122,2.84855341144e-06
7444.123,2.86973373155e-06
7444.124,2.89120503301e-06
7444.125,2.91297285603e-06
7444.126,2.93504279959e-06
7444.127,2.95742050463e-06
7444.128,2.98011163571e-06
7444.129,3.00312186141e-06
7444.13,3.02645683442e-06
7444.131,3.05012217229e-06
7444.132,3.07412343993e-06
7444.133,3.09846613526e-06
7444.134,3.12315567929e-06
7444.135,3.14819741226e-06
7444.136,3.1735965969e-06
7444.137,3.19935843028e-06
7444.138,3.2254880648e-06
7444.139,3.25199063923e-06
7444.14,3.27887131947e-06
7444.141,3.30613534894e-06
7444.142,3.33378810745e-06
7444.143,3.36183517709e-06
7444.144,3.39028241314e-06
7444.145,3.41913601763e-06
7444.146,3.44840261283e-06
7444.147,3.47808931177e-06
7444.148,3.508203783e-06
7444.149,3.5387543068e-06
7444.15,3.56974982069e-06
7444.151,3.60119995222e-06
7444.152,3.63311503804e-06
7444.153,3.6655061286e-06
7444.154,3.69838497877e-06
7444.155,3.73176402546e-06
7444.156,3.76565635366e-06
7444.157,3.80007565323e-06
7444.158,3.83503616897e-06
7444.159,3.8705526466e-06
7444.16,3.90664027786e-06
7444.161,3.94331464708e-06
7444.162,3.98059168211e-06
7444.163,4.01848761149e-06
7444.164,4.05701892975e-06
7444.165,4.09620237193e-06
7444.166,4.13605489797e-06
7444.167,4.17659368727e-06
7444.168,4.21783614296e-06
7444.169,4.25979990537e-06
7444.17,4.30250287349e-06
7444.171,4.34596323357e-06
7444.172,4.3901994932e-06
7444.173,4.43523051983e-06
7444.174,4.48107558232e-06
7444.175,4.52775439448e-06
7444.176,4.57528715955e-06
7444.177,4.62369461487e-06
7444.178,4.67299807617e-06
7444.179,4.72321948105e-06
7444.18,4.77438143151e-06
7444.181,4.82650723532e-06
7444.182,4.87962094646e-06
7444.183,4.93374740471e-06
7444.184,4.98891227455e-06
7444.185,5.04514208378e-06
7444.186,5.10246426204e-06
7444.187,5.16090717962e-06
7444.188,5.22050018676e-06
7444.189,5.28127365385e-06
7444.19,5.34325901273e-06
7444.191,5.40648879937e-06
7444.192,5.47099669819e-06
7444.193,5.53681758822e-06
7444.194,5.6039875913e-06
7444.195,5.67254412265e-06
7444.196,5.74252594378e-06
7444.197,5.81397321817e-06
7444.198,5.88692756968e-06
7444.199,5.96143214413e-06
7444.2,6.037531674e-06
7444.201,6.1152725466e-06
7444.202,6.19470287585e-06
7444.203,6.27587257793e-06
7444.204,6.35883345099e-06
7444.205,6.44363925916e-06
7444.206,6.53034582111e-06
7444.207,6.61901110353e-06
7444.208,6.70969531963e-06
7444.209,6.80246103311e-06
7444.21,6.89737326799e-06
7444.211,6.99449962439e-06
7444.212,7.09391040099e-06
7444.213,7.19567872428e-06
7444.214,7.29988068523e-06
7444.215,7.40659548375e-06
7444.216,7.51590558149e-06
7444.217,7.62789686353e-06
7444.218,7.74265880948e-06
7444.219,7.86028467472e-06
7444.22,7.98087168234e-06
7444.221,8.10452122663e-06
7444.222,8.23133908883e-06
7444.223,8.36143566591e-06
7444.224,8.49492621351e-06
7444.225,8.63193110377e-06
7444.226,8.77257609929e-06
7444.227,8.91699264427e-06
7444.228,9.06531817408e-06
7444.229,9.2176964446e-06
7444.23,9.37427788281e-06
7444.231,9.53521996006e-06
7444.232,9.70068758988e-06
7444.233,9.87085355199e-06
7444.234,1.00458989446e-05
7444.235,1.02260136671e-05
7444.236,1.04113969353e-05
7444.237,1.06022578323e-05
7444.238,1.07988158967e-05
7444.239,1.10013017521e-05
7444.24,1.12099577809e-05
7444.241,1.1425038845e-05
7444.242,1.16468130586e-05
7444.243,1.18755626162e-05
7444.244,1.21115846804e-05
7444.245,1.23551923349e-05
7444.246,1.26067156072e-05
7444.247,1.28665025675e-05
7444.248,1.31349205094e-05
7444.249,1.34123572197e-05
7444.25,1.36992223442e-05
7444.251,1.39959488577e-05
7444.252,1.43029946475e-05
7444.253,1.46208442179e-05
7444.254,1.49500105287e-05
7444.255,1.52910369762e-05
7444.256,1.56444995304e-05
7444.257,1.60110090402e-05
7444.258,1.63912137209e-05
7444.259,1.67858018398e-05
7444.26,1.71955046143e-05
7444.261,1.76210993415e-05
7444.262,1.80634127762e-05
7444.263,1.85233247779e-05
7444.264,1.90017722474e-05
7444.265,1.94997533736e-05
7444.266,2.00183322149e-05
7444.267,2.05586436369e-05
7444.268,2.11218986324e-05
7444.269,2.17093900461e-05
7444.27,2.23224987295e-05
7444.271,2.29627001485e-05
7444.272,2.36315714658e-05
7444.273,2.43307991185e-05
7444.274,2.50621869048e-05
7444.275,2.58276645926e-05
7444.276,2.66292970534e-05
7444.277,2.74692939161e-05
7444.278,2.83500197253e-05
7444.279,2.92740045726e-05
7444.28,3.02439551515e-05
7444.281,3.12627661642e-05
7444.282,3.23335319809e-05
7444.283,3.3459558419e-05
7444.284,3.46443744701e-05
7444.285,3.58917437556e-05
7444.286,3.72056754392e-05
7444.287,3.85904342595e-05
7444.288,4.00505492778e-05
7444.289,4.15908208555e-05
7444.29,4.32163252884e-05
7444.291,4.49324164333e-05
7444.292,4.67447235602e-05
7444.293,4.86591445653e-05
7444.294,5.06818335763e-05
7444.295,5.28191818893e-05
7444.296,5.50777910909e-05
7444.297,5.74644371551e-05
7444.298,5.99860242638e-05
7444.299,6.26495270956e-05
7444.3,6.54619203653e-05
7444.301,6.8430094487e-05
7444.302,7.15607563827e-05
7444.303,7.48603146751e-05
7444.304,7.83347487865e-05
7444.305,8.19894618235e-05
7444.306,8.58291175446e-05
7444.307,8.98574621948e-05
7444.308,9.40771325196e-05
7444.309,9.84894518428e-05
7444.31,0.000103094216682
7444.311,0.000107889476975
7444.312,0.000112871313598
7444.313,0.000118033617411
7444.314,0.000123367874659
7444.315,0.000128862964079
7444.316,0.000134504971553
7444.317,0.000140277028665
7444.318,0.000146159181913
7444.319,0.000152128299721
7444.32,0.000158158024678
7444.321,0.000164218778534
7444.322,0.000170277827447
7444.323,0.000176299414612
7444.324,0.000182244966706
7444.325,0.000188073379504
7444.326,0.000193741386418
7444.327,0.0001992040117
7444.328,0.000204415107473
7444.329,0.000209327970821
7444.33,0.000213896033825
7444.331,0.000218073615895
7444.332,0.000221816724104
7444.333,0.000225083883718
7444.334,0.000227836977902
7444.335,0.000230042072901
7444.336,0.000231670203075
7444.337,0.000232698089208
7444.338,0.000233108763688
7444.339,0.00023289207759
7444.34,0.000232045067478
7444.341,0.000230572163758
7444.342,0.000228485227673
7444.343,0.000225803410129
7444.344,0.0002225528324
7444.345,0.000218766095779
7444.346,0.000214481634203
7444.347,0.000209742930232
7444.348,0.000204597620255
7444.349,0.000199096518944
7444.35,0.000193292595714
7444.351,0.00018723993701
7444.352,0.000180992727688
7444.353,0.000174604282654
7444.354,0.000168126156429
7444.355,0.00016160735375
7444.356,0.000155093658945
7444.357,0.000148627095986
7444.358,0.000142245525204
7444.359,0.000135982376907
7444.36,0.000129866516908
7444.361,0.00012392223442
7444.362,0.000118169339139
7444.363,0.000112623351679
7444.364,0.000107295769893
7444.365,0.000102194392966
7444.366,9.73236854901e-05
7444.367,9.26851647561e-05
7444.368,8.82777962036e-05
7444.369,8.40983840762e-05
7444.37,8.01419466794e-05
7444.371,7.64020680762e-05
7444.372,7.28712204022e-05
7444.373,6.95410531509e-05
7444.374,6.64026476732e-05
7444.375,6.34467367134e-05
7444.376,6.06638900511e-05
7444.377,5.80446682441e-05
7444.378,5.55797470993e-05
7444.379,5.32600158723e-05
7444.38,5.10766523604e-05
7444.381,4.90211780546e-05
7444.382,4.70854963879e-05
7444.383,4.52619169115e-05
7444.384,4.35431679689e-05
7444.385,4.19224001465e-05
7444.386,4.03931824914e-05
7444.387,3.89494931947e-05
7444.388,3.75857061746e-05
7444.389,3.6296574745e-05
7444.39,3.50772133406e-05
7444.391,3.3923078075e-05
7444.392,3.28299467491e-05
7444.393,3.17938987845e-05
7444.394,3.08112954439e-05
7444.395,2.98787606048e-05
7444.396,2.89931622762e-05
7444.397,2.81515949851e-05
7444.398,2.73513631134e-05
7444.399,2.65899652251e-05
7444.4,2.58650793962e-05
7444.401,2.51745495386e-05
7444.402,2.45163726918e-05
7444.403,2.38886872469e-05
7444.404,2.32897620573e-05
7444.405,2.27179863892e-05
7444.406,2.21718606604e-05
7444.407,2.16499879143e-05
7444.408,2.11510659794e-05
7444.409,2.06738802635e-05
7444.41,2.02172971342e-05
7444.411,1.97802578406e-05
7444.412,1.9361772932e-05
7444.413,1.89609171349e-05
7444.414,1.85768246486e-05
7444.415,1.82086848262e-05
7444.416,1.78557382073e-05
7444.417,1.75172728738e-05
7444.418,1.71926211013e-05
7444.419,1.68811562795e-05
7444.42,1.65822900815e-05
7444.421,1.62954698589e-05
7444.422,1.60201762431e-05
7444.423,1.57559209384e-05
7444.424,1.55022446872e-05
7444.425,1.52587153954e-05
7444.426,1.50249264039e-05
7444.427,1.48004948943e-05
7444.428,1.45850604177e-05
7444.429,1.43782835368e-05
7444.43,1.41798445725e-05
7444.431,1.39894424462e-05
7444.432,1.38067936109e-05
7444.433,1.36316310638e-05
7444.434,1.34637034348e-05
7444.435,1.33027741446e-05
7444.436,1.31486206281e-05
7444.437,1.3001033617e-05
7444.438,1.28598164799e-05
7444.439,1.2724784613e-05
7444.44,1.25957648811e-05
7444.441,1.24725951025e-05
7444.442,1.23551235783e-05
7444.443,1.2243208661e-05
7444.444,1.21367183611e-05
7444.445,1.20355299902e-05
7444.446,1.19395298378e-05
7444.447,1.18486128804e-05
7444.448,1.17626825226e-05
7444.449,1.16816503672e-05
7444.45,1.16054360145e-05
7444.451,1.15339668899e-05
7444.452,1.14671780982e-05
7444.453,1.14050123053e-05
7444.454,1.13474196456e-05
7444.455,1.12943576558e-05
7444.456,1.12457912348e-05
7444.457,1.12016926291e-05
7444.458,1.11620414449e-05
7444.459,1.11268246865e-05
7444.46,1.10960368214e-05
7444.461,1.1069679873e-05
7444.462,1.1047763542e-05
7444.463,1.10303053567e-05
7444.464,1.1017330853e-05
7444.465,1.10088737867e-05
7444.466,1.10049763777e-05
7444.467,1.10056895892e-05
7444.468,1.10110734417e-05
7444.469,1.10211973651e-05
7444.47,1.10361405907e-05
7444.471,1.10559925836e-05
7444.472,1.10808535191e-05
7444.473,1.11108348053e-05
7444.474,1.11460596528e-05
7444.475,1.11866636953e-05
7444.476,1.1232795662e-05
7444.477,1.12846181049e-05
7444.478,1.13423081826e-05
7444.479,1.14060585017e-05
7444.48,1.14760780178e-05
7444.481,1.15525929959e-05
7444.482,1.16358480309e-05
7444.483,1.17261071261e-05
7444.484,1.18236548279e-05
7444.485,1.19287974117e-05
7444.486,1.20418641139e-05
7444.487,1.21632084e-05
7444.488,1.22932092567e-05
7444.489,1.24322724943e-05
7444.49,1.25808320354e-05
7444.491,1.27393511674e-05
7444.492,1.29083237245e-05
7444.493,1.30882751594e-05
7444.494,1.32797634567e-05
7444.495,1.34833798288e-05
7444.496,1.36997491234e-05
7444.497,1.39295298608e-05
7444.498,1.41734138035e-05
7444.499,1.44321249447e-05
7444.5,1.47064177889e-05
7444.501,1.49970747785e-05
7444.502,1.53049027038e-05
7444.503,1.56307279205e-05
7444.504,1.59753901814e-05
7444.505,1.633973488e-05
7444.506,1.67246034984e-05
7444.507,1.71308220488e-05
7444.508,1.7559187312e-05
7444.509,1.8010450691e-05
7444.51,1.84852995355e-05
7444.511,1.89843358391e-05
7444.512,1.95080522797e-05
7444.513,2.00568056597e-05
7444.514,2.06307879077e-05
7444.515,2.12299949343e-05
7444.516,2.18541937744e-05
7444.517,2.25028886151e-05
7444.518,2.31752864769e-05
7444.519,2.38702634885e-05
7444.52,2.45863328692e-05
7444.521,2.53216158813e-05
7444.522,2.60738171393e-05
7444.523,2.68402057478e-05
7444.524,2.76176037664e-05
7444.525,2.84023834685e-05
7444.526,2.91904747467e-05
7444.527,2.99773838359e-05
7444.528,3.07582242482e-05
7444.529,3.15277604712e-05
7444.53,3.22804645592e-05
7444.531,3.30105852739e-05
7444.532,3.37122289166e-05
7444.533,3.43794504653e-05
7444.534,3.50063531152e-05
7444.535,3.55871938385e-05
7444.536,3.61164921714e-05
7444.537,3.6589139119e-05
7444.538,3.70005028673e-05
7444.539,3.734652793e-05
7444.54,3.76238244395e-05
7444.541,3.78297445241e-05
7444.542,3.79624430905e-05
7444.543,3.80209208389e-05
7444.544,3.80050479527e-05
7444.545,3.79155675961e-05
7444.546,3.77540790939e-05
7444.547,3.75230014085e-05
7444.548,3.72255182424e-05
7444.549,3.68655067413e-05
7444.55,3.64474523168e-05
7444.551,3.59763525349e-05
7444.552,3.54576132973e-05
7444.553,3.4896940677e-05
7444.554,3.43002317563e-05
7444.555,3.36734676587e-05
7444.556,3.30226116884e-05
7444.557,3.23535151086e-05
7444.558,3.16718326315e-05
7444.559,3.09829491854e-05
7444.56,3.02919189969e-05
7444.561,2.9603417504e-05
7444.562,2.89217061271e-05
7444.563,2.82506094831e-05
7444.564,2.75935042565e-05
7444.565,2.69533186437e-05
7444.566,2.63325410681e-05
7444.567,2.57332367314e-05
7444.568,2.51570705056e-05
7444.569,2.46053346768e-05
7444.57,2.40789801213e-05
7444.571,2.35786496038e-05
7444.572,2.31047120315e-05
7444.573,2.26572966626e-05
7444.574,2.22363264423e-05
7444.575,2.18415498112e-05
7444.576,2.14725704968e-05
7444.577,2.11288749509e-05
7444.578,2.08098572272e-05
7444.579,2.05148412097e-05
7444.58,2.02431001943e-05
7444.581,1.99938738984e-05
7444.582,1.97663830316e-05
7444.583,1.95598415942e-05
7444.584,1.93734671001e-05
7444.585,1.92064889278e-05
7444.586,1.90581550099e-05
7444.587,1.89277370658e-05
7444.588,1.88145345734e-05
7444.589,1.87178776614e-05
7444.59,1.86371290907e-05
7444.591,1.8571685474e-05
7444.592,1.85209778678e-05
7444.593,1.84844718546e-05
7444.594,1.84616672166e-05
7444.595,1.84520972881e-05
7444.596,1.845532806e-05
7444.597,1.84709570994e-05
7444.598,1.84986123349e-05
7444.599,1.85379507497e-05
7444.6,1.85886570171e-05
7444.601,1.86504421053e-05
7444.602,1.87230418723e-05
7444.603,1.88062156687e-05
7444.604,1.88997449587e-05
7444.605,1.90034319696e-05
7444.606,1.91170983757e-05
7444.607,1.92405840178e-05
7444.608,1.93737456641e-05
7444.609,1.95164558087e-05
7444.61,1.96686015084e-05
7444.611,1.98300832565e-05
7444.612,2.00008138886e-05
7444.613,2.01807175188e-05
7444.614,2.03697285016e-05
7444.615,2.05677904153e-05
7444.616,2.07748550624e-05
7444.617,2.09908814827e-05
7444.618,2.12158349735e-05
7444.619,2.14496861135e-05
7444.62,2.16924097834e-05
7444.621,2.19439841806e-05
7444.622,2.22043898222e-05
7444.623,2.24736085317e-05
7444.624,2.27516224052e-05
7444.625,2.3038412753e-05
7444.626,2.33339590126e-05
7444.627,2.36382376288e-05
7444.628,2.39512208993e-05
7444.629,2.42728757809e-05
7444.63,2.46031626554e-05
7444.631,2.49420340523e-05
7444.632,2.52894333287e-05
7444.633,2.56452933036e-05
7444.634,2.60095348483e-05
7444.635,2.63820654343e-05
7444.636,2.67627776394e-05
7444.637,2.71515476155e-05
7444.638,2.7548233523e-05
7444.639,2.79526739354e-05
7444.64,2.83646862222e-05
7444.641,2.87840649167e-05
7444.642,2.92105800787e-05
7444.643,2.96439756613e-05
7444.644,3.00839678961e-05
7444.645,3.05302437074e-05
7444.646,3.09824591732e-05
7444.647,3.14402380469e-05
7444.648,3.19031703598e-05
7444.649,3.23708111219e-05
7444.65,3.28426791418e-05
7444.651,3.33182559886e-05
7444.652,3.37969851159e-05
7444.653,3.42782711737e-05
7444.654,3.4761479529e-05
7444.655,3.52459360222e-05
7444.656,3.57309269799e-05
7444.657,3.62156995094e-05
7444.658,3.66994620957e-05
7444.659,3.7181385523e-05
7444.66,3.76606041381e-05
7444.661,3.81362174742e-05
7444.662,3.86072922465e-05
7444.663,3.90728647326e-05
7444.664,3.95319435415e-05
7444.665,3.99835127757e-05
7444.666,4.04265355826e-05
7444.667,4.08599580877e-05
7444.668,4.12827136967e-05
7444.669,4.16937277476e-05
7444.67,4.20919224887e-05
7444.671,4.24762223506e-05
7444.672,4.28455594776e-05
7444.673,4.31988794751e-05
7444.674,4.35351473266e-05
7444.675,4.38533534277e-05
7444.676,4.4152519681e-05
7444.677,4.4431705591e-05
7444.678,4.46900142968e-05
7444.679,4.4926598478e-05
7444.68,4.51406660663e-05
7444.681,4.53314856995e-05
7444.682,4.54983918511e-05
7444.683,4.56407895754e-05
7444.684,4.57581588075e-05
7444.685,4.58500581656e-05
7444.686,4.59161282054e-05
7444.687,4.5956094086e-05
7444.688,4.59697676108e-05
7444.689,4.59570486176e-05
7444.69,4.59179256984e-05
7444.691,4.58524762404e-05
7444.692,4.57608657863e-05
7444.693,4.56433467233e-05
7444.694,4.55002563186e-05
7444.695,4.53320141252e-05
7444.696,4.51391187952e-05
7444.697,4.49221443382e-05
7444.698,4.46817358766e-05
7444.699,4.44186049475e-05
7444.7,4.41335244125e-05
7444.701,4.3827323035e-05
7444.702,4.35008797904e-05
7444.703,4.31551179743e-05
7444.704,4.2790999174e-05
7444.705,4.24095171691e-05
7444.706,4.20116918236e-05
7444.707,4.15985630304e-05
7444.708,4.11711847645e-05
7444.709,4.0730619298e-05
7444.71,4.02779316239e-05
7444.711,3.9814184132e-05
7444.712,3.93404315732e-05
7444.713,3.88577163428e-05
7444.714,3.83670641092e-05
7444.715,3.78694798057e-05
7444.716,3.73659439997e-05
7444.717,3.68574096475e-05
7444.718,3.63447992369e-05
7444.719,3.58290023158e-05
7444.72,3.53108734014e-05
7444.721,3.47912302577e-05
7444.722,3.42708525306e-05
7444.723,3.37504807208e-05
7444.724,3.32308154788e-05
7444.725,3.27125171985e-05
7444.726,3.21962058903e-05
7444.727,3.16824613073e-05
7444.728,3.11718233045e-05
7444.729,3.06647924051e-05
7444.73,3.01618305515e-05
7444.731,2.96633620192e-05
7444.732,2.91697744698e-05
7444.733,2.86814201243e-05
7444.734,2.81986170353e-05
7444.735,2.77216504408e-05
7444.736,2.72507741825e-05
7444.737,2.67862121714e-05
7444.738,2.63281598883e-05
7444.739,2.58767859038e-05
7444.74,2.54322334078e-05
7444.741,2.49946217354e-05
7444.742,2.4564047881e-05
7444.743,2.41405879909e-05
7444.744,2.37242988257e-05
7444.745,2.33152191867e-05
7444.746,2.29133712978e-05
7444.747,2.25187621396e-05
7444.748,2.2131384729e-05
7444.749,2.17512193401e-05
7444.75,2.13782346653e-05
7444.751,2.10123889117e-05
7444.752,2.06536308322e-05
7444.753,2.03019006918e-05
7444.754,1.99571311672e-05
7444.755,1.9619248182e-05
7444.756,1.92881716798e-05
7444.757,1.8963816336e-05
7444.758,1.86460922124e-05
7444.759,1.83349053587e-05
7444.76,1.80301583625e-05
7444.761,1.77317508542e-05
7444.762,1.7439579969e-05
7444.763,1.71535407704e-05
7444.764,1.6873526639e-05
7444.765,1.65994296303e-05
7444.766,1.63311408026e-05
7444.767,1.6068550521e-05
7444.768,1.58115487363e-05
7444.769,1.55600252431e-05
7444.77,1.53138699172e-05
7444.771,1.50729729349e-05
7444.772,1.48372249732e-05
7444.773,1.46065173948e-05
7444.774,1.43807424144e-05
7444.775,1.41597932516e-05
7444.776,1.39435642666e-05
7444.777,1.37319510827e-05
7444.778,1.35248506941e-05
7444.779,1.33221615603e-05
7444.78,1.31237836881e-05
7444.781,1.29296187012e-05
7444.782,1.27395698994e-05
7444.783,1.25535423063e-05
7444.784,1.23714427082e-05
7444.785,1.21931796842e-05
7444.786,1.20186636277e-05
7444.787,1.18478067614e-05
7444.788,1.16805231451e-05
7444.789,1.15167286785e-05
7444.79,1.13563410984e-05
7444.791,1.11992799709e-05
7444.792,1.10454666809e-05
7444.793,1.08948244165e-05
7444.794,1.07472781517e-05
7444.795,1.06027546258e-05
7444.796,1.04611823205e-05
7444.797,1.03224914356e-05
7444.798,1.01866138625e-05
7444.799,1.00534831565e-05
7444.8,9.92303450847e-06
7444.801,9.79520471469e-06
7444.802,9.66993214679e-06
7444.803,9.54715672072e-06
7444.804,9.42681986539e-06
7444.805,9.30886449108e-06
7444.806,9.19323495764e-06
7444.807,9.07987704266e-06
7444.808,8.96873790965e-06
7444.809,8.85976607635e-06
7444.81,8.75291138326e-06
7444.811,8.6481249623e-06
7444.812,8.54535920593e-06
7444.813,8.44456773649e-06
7444.814,8.345705376e-06
7444.815,8.24872811635e-06
7444.816,8.15359308994e-06
7444.817,8.06025854083e-06
7444.818,7.9686837964e-06
7444.819,7.87882923944e-06
7444.82,7.79065628088e-06
7444.821,7.704127333e-06
7444.822,7.61920578323e-06
7444.823,7.53585596845e-06
7444.824,7.45404314994e-06
7444.825,7.37373348879e-06
7444.826,7.29489402198e-06
7444.827,7.21749263893e-06
7444.828,7.14149805866e-06
7444.829,7.06687980754e-06
7444.83,6.99360819747e-06
7444.831,6.92165430478e-06
7444.832,6.85098994949e-06
7444.833,6.78158767525e-06
7444.834,6.71342072971e-06
7444.835,6.64646304545e-06
7444.836,6.58068922139e-06
7444.837,6.51607450474e-06
7444.838,6.4525947734e-06
7444.839,6.39022651883e-06
7444.84,6.32894682945e-06
7444.841,6.26873337441e-06
7444.842,6.20956438792e-06
7444.843,6.1514186539e-06
7444.844,6.09427549113e-06
7444.845,6.03811473884e-06
7444.846,5.98291674262e-06
7444.847,5.92866234082e-06
7444.848,5.87533285126e-06
7444.849,5.82291005842e-06
7444.85,5.77137620087e-06
7444.851,5.72071395916e-06
7444.852,5.67090644402e-06
7444.853,5.6219371849e-06
7444.854,5.57379011885e-06
7444.855,5.52644957974e-06
7444.856,5.47990028773e-06
7444.857,5.4341273391e-06
7444.858,5.38911619639e-06
7444.859,5.34485267878e-06
7444.86,5.30132295275e-06
7444.861,5.25851352307e-06
7444.862,5.21641122401e-06
7444.863,5.17500321077e-06
7444.864,5.13427695125e-06
7444.865,5.09422021802e-06
7444.866,5.05482108046e-06
7444.867,5.01606789726e-06
7444.868,4.97794930901e-06
7444.869,4.9404542311e-06
7444.87,4.9035718468e-06
7444.871,4.86729160051e-06
7444.872,4.83160319127e-06
7444.873,4.79649656637e-06
7444.874,4.7619619153e-06
7444.875,4.72798966368e-06
7444.876,4.69457046756e-06
7444.877,4.66169520775e-06
7444.878,4.62935498437e-06
7444.879,4.59754111161e-06
7444.88,4.56624511254e-06
7444.881,4.53545871418e-06
7444.882,4.50517384264e-06
7444.883,4.47538261845e-06
7444.884,4.44607735201e-06
7444.885,4.41725053921e-06
7444.886,4.38889485711e-06
7444.887,4.36100315985e-06
7444.888,4.33356847461e-06
7444.889,4.30658399773e-06
7444.89,4.28004309091e-06
7444.891,4.25393927761e-06
7444.892,4.22826623947e-06
7444.893,4.20301781289e-06
7444.894,4.17818798571e-06
7444.895,4.15377089403e-06
7444.896,4.12976081902e-06
7444.897,4.10615218399e-06
7444.898,4.08293955143e-06
7444.899,4.06011762019e-06
7444.9,4.03768122276e-06
7444.901,4.01562532262e-06
7444.902,3.99394501169e-06
7444.903,3.97263550785e-06
7444.904,3.95169215254e-06
7444.905,3.93111040847e-06
7444.906,3.91088585735e-06
7444.907,3.89101419775e-06
7444.908,3.87149124299e-06
7444.909,3.8523129191e-06
7444.91,3.83347526289e-06
7444.911,3.81497442002e-06
7444.912,3.79680664319e-06
7444.913,3.77896829034e-06
7444.914,3.76145582295e-06
7444.915,3.74426580437e-06
7444.916,3.72739489821e-06
7444.917,3.7108398668e-06
7444.918,3.69459756967e-06
7444.919,3.6786649621e-06
7444.92,3.66303909375e-06
7444.921,3.64771710726e-06
7444.922,3.63269623701e-06
7444.923,3.61797380777e-06
7444.924,3.60354723361e-06
7444.925,3.58941401665e-06
7444.926,3.57557174596e-06
7444.927,3.56201809654e-06
7444.928,3.54875082825e-06
7444.929,3.53576778483e-06
7444.93,3.52306689304e-06
7444.931,3.51064616169e-06
7444.932,3.49850368085e-06
7444.933,3.48663762108e-06
7444.934,3.47504623262e-06
7444.935,3.46372784477e-06
7444.936,3.45268086519e-06
7444.937,3.44190377931e-06
7444.938,3.43139514977e-06
7444.939,3.42115361594e-06
7444.94,3.41117789339e-06
7444.941,3.40146677355e-06
7444.942,3.39201912327e-06
7444.943,3.38283388455e-06
7444.944,3.37391007422e-06
7444.945,3.36524678374e-06
7444.946,3.35684317897e-06
7444.947,3.34869850009e-06
7444.948,3.34081206144e-06
7444.949,3.33318325149e-06
7444.95,3.32581153286e-06
7444.951,3.31869644232e-06
7444.952,3.31183759089e-06
7444.953,3.30523466396e-06
7444.954,3.29888742146e-06
7444.955,3.2927956981e-06
7444.956,3.28695940356e-06
7444.957,3.28137852289e-06
7444.958,3.27605311676e-06
7444.959,3.27098332191e-06
7444.96,3.26616935158e-06
7444.961,3.26161149594e-06
7444.962,3.25731012268e-06
7444.963,3.25326567751e-06
7444.964,3.24947868482e-06
7444.965,3.2459497483e-06
7444.966,3.24267955166e-06
7444.967,3.23966885935e-06
7444.968,3.23691851737e-06
7444.969,3.23442945409e-06
7444.97,3.23220268116e-06
7444.971,3.23023929436e-06
7444.972,3.22854047467e-06
7444.973,3.2271074892e-06
7444.974,3.22594169229e-06
7444.975,3.22504452666e-06
7444.976,3.22441752448e-06
7444.977,3.22406230866e-06
7444.978,3.22398059405e-06
7444.979,3.22417418876e-06
7444.98,3.2246449955e-06
7444.981,3.22539501301e-06
7444.982,3.22642633743e-06
7444.983,3.22774116388e-06
7444.984,3.22934178793e-06
7444.985,3.23123060719e-06
7444.986,3.23341012298e-06
7444.987,3.23588294196e-06
7444.988,3.23865177784e-06
7444.989,3.24171945316e-06
7444.99,3.24508890107e-06
7444.991,3.24876316715e-06
7444.992,3.25274541124e-06
7444.993,3.2570389094e-06
7444.994,3.26164705571e-06
7444.995,3.26657336431e-06
7444.996,3.27182147123e-06
7444.997,3.27739513639e-06
7444.998,3.28329824551e-06
7444.999,3.28953481204e-06
7445.0,3.29610897905e-06
7445.001,3.30302502105e-06
7445.002,3.31028734584e-06
7445.003,3.31790049619e-06
7445.004,3.32586915151e-06
7445.005,3.33419812936e-06
7445.006,3.34289238683e-06
7445.007,3.3519570218e-06
7445.008,3.36139727393e-06
7445.009,3.37121852552e-06
7445.01,3.38142630198e-06
7445.011,3.39202627212e-06
7445.012,3.40302424799e-06
7445.013,3.41442618433e-06
7445.014,3.42623817759e-06
7445.015,3.43846646431e-06
7445.016,3.45111741902e-06
7445.017,3.46419755134e-06
7445.018,3.47771350232e-06
7445.019,3.49167203995e-06
7445.02,3.50608005354e-06
7445.021,3.52094454718e-06
7445.022,3.53627263173e-06
7445.023,3.55207151561e-06
7445.024,3.5683484939e-06
7445.025,3.58511093578e-06
7445.026,3.60236627003e-06
7445.027,3.62012196844e-06
7445.028,3.63838552686e-06
7445.029,3.65716444368e-06
7445.03,3.67646619553e-06
7445.031,3.69629820981e-06
7445.032,3.7166678339e-06
7445.033,3.73758230073e-06
7445.034,3.75904869023e-06
7445.035,3.78107388658e-06
7445.036,3.8036645307e-06
7445.037,3.82682696778e-06
7445.038,3.85056718938e-06
7445.039,3.87489076977e-06
7445.04,3.89980279622e-06
7445.041,3.92530779273e-06
7445.042,3.95140963708e-06
7445.043,3.97811147057e-06
7445.044,4.00541560057e-06
7445.045,4.03332339523e-06
7445.046,4.06183517043e-06
7445.047,4.09095006878e-06
7445.048,4.12066593055e-06
7445.049,4.15097915676e-06
7445.05,4.18188456438e-06
7445.051,4.2133752342e-06
7445.052,4.24544235165e-06
7445.053,4.27807504128e-06
7445.054,4.3112601958e-06
7445.055,4.34498230057e-06
7445.056,4.37922325501e-06
7445.057,4.41396219233e-06
7445.058,4.44917529937e-06
7445.059,4.48483563874e-06
7445.06,4.52091297547e-06
7445.061,4.55737361081e-06
7445.062,4.59418022614e-06
7445.063,4.63129174007e-06
7445.064,4.66866318211e-06
7445.065,4.70624558659e-06
7445.066,4.74398591036e-06
7445.067,4.78182697838e-06
7445.068,4.81970746084e-06
7445.069,4.85756188586e-06
7445.07,4.89532069127e-06
7445.071,4.93291031932e-06
7445.072,4.97025335713e-06
7445.073,5.00726872596e-06
7445.074,5.04387192146e-06
7445.075,5.07997530642e-06
7445.076,5.11548845706e-06
7445.077,5.15031856271e-06
7445.078,5.18437087812e-06
7445.079,5.2175492264e-06
7445.08,5.24975654971e-06
7445.081,5.28089550358e-06
7445.082,5.31086908987e-06
7445.083,5.33958132205e-06
7445.084,5.36693791576e-06
7445.085,5.39284699653e-06
7445.086,5.41721981574e-06
7445.087,5.43997146539e-06
7445.088,5.46102158167e-06
7445.089,5.480295027e-06
7445.09,5.49772254041e-06
7445.091,5.51324134598e-06
7445.092,5.5267957096e-06
7445.093,5.53833743514e-06
7445.094,5.54782629163e-06
7445.095,5.55523036431e-06
7445.096,5.56052632371e-06
7445.097,5.56369960823e-06
7445.098,5.56474451711e-06
7445.099,5.56366421255e-06
7445.1,5.56047063101e-06
7445.101,5.55518430579e-06
7445.102,5.54783410397e-06
7445.103,5.53845688291e-06
7445.104,5.52709707244e-06
7445.105,5.51380619e-06
7445.106,5.49864229752e-06
7445.107,5.48166940884e-06
7445.108,5.46295685773e-06
7445.109,5.44257863649e-06
7445.11,5.42061271526e-06
7445.111,5.39714035221e-06
7445.112,5.37224540425e-06
7445.113,5.34601364749e-06
7445.114,5.31853211592e-06
7445.115,5.289888466e-06
7445.116,5.26017037396e-06
7445.117,5.22946497139e-06
7445.118,5.19785832391e-06
7445.119,5.16543495656e-06
7445.12,5.13227742825e-06
7445.121,5.09846595705e-06
7445.122,5.06407809664e-06
7445.123,5.02918846375e-06
7445.124,4.99386851546e-06
7445.125,4.95818637438e-06
7445.126,4.92220669957e-06
7445.127,4.88599060012e-06
7445.128,4.84959558824e-06
7445.129,4.81307556833e-06
7445.13,4.77648085839e-06
7445.131,4.73985824002e-06
7445.132,4.70325103324e-06
7445.133,4.66669919258e-06
7445.134,4.63023942083e-06
7445.135,4.59390529719e-06
7445.136,4.55772741664e-06
7445.137,4.52173353785e-06
7445.138,4.48594873678e-06
7445.139,4.45039556395e-06
7445.14,4.41509420307e-06
7445.141,4.38006262951e-06
7445.142,4.34531676679e-06
7445.143,4.31087064014e-06
7445.144,4.27673652577e-06
7445.145,4.24292509511e-06
7445.146,4.2094455533e-06
7445.147,4.17630577134e-06
7445.148,4.14351241158e-06
7445.149,4.11107104602e-06
7445.15,4.0789862675e-06
7445.151,4.04726179337e-06
7445.152,4.01590056186e-06
7445.153,3.98490482086e-06
7445.154,3.95427620948e-06
7445.155,3.92401583229e-06
7445.156,3.8941243265e-06
7445.157,3.86460192235e-06
7445.158,3.83544849693e-06
7445.159,3.80666362169e-06
7445.16,3.77824660418e-06
7445.161,3.75019652417e-06
7445.162,3.72251226482e-06
7445.163,3.69519253915e-06
7445.164,3.66823591245e-06
7445.165,3.64164082092e-06
7445.166,3.61540558719e-06
7445.167,3.58952843307e-06
7445.168,3.56400748996e-06
7445.169,3.53884080749e-06
7445.17,3.51402636051e-06
7445.171,3.48956205499e-06
7445.172,3.46544573304e-06
7445.173,3.4416751773e-06
7445.174,3.41824811485e-06
7445.175,3.39516222096e-06
7445.176,3.37241512256e-06
7445.177,3.35000440181e-06
7445.178,3.32792759946e-06
7445.179,3.3061822184e-06
7445.18,3.2847657271e-06
7445.181,3.26367556311e-06
7445.182,3.2429091365e-06
7445.183,3.22246383325e-06
7445.184,3.20233701862e-06
7445.185,3.18252604026e-06
7445.186,3.16302823137e-06
7445.187,3.14384091353e-06
7445.188,3.12496139947e-06
7445.189,3.10638699561e-06
7445.19,3.08811500442e-06
7445.191,3.07014272663e-06
7445.192,3.0524674632e-06
7445.193,3.03508651722e-06
7445.194,3.01799719563e-06
7445.195,3.00119681078e-06
7445.196,2.98468268193e-06
7445.197,2.9684521367e-06
7445.198,2.95250251238e-06
7445.199,2.93683115723e-06
7445.2,2.92143543181e-06
7445.201,2.90631271021e-06
7445.202,2.89146038141e-06
7445.203,2.87687585052e-06
7445.204,2.86255654023e-06
7445.205,2.84849989212e-06
7445.206,2.83470336818e-06
7445.207,2.8211644523e-06
7445.208,2.80788065179e-06
7445.209,2.79484949899e-06
7445.21,2.78206855294e-06
7445.211,2.76953540098e-06
7445.212,2.75724766045e-06
7445.213,2.74520298037e-06
7445.214,2.73339904306e-06
7445.215,2.72183356577e-06
7445.216,2.71050430224e-06
7445.217,2.69940904417e-06
7445.218,2.68854562265e-06
7445.219,2.67791190944e-06
7445.22,2.66750581817e-06
7445.221,2.65732530541e-06
7445.222,2.64736837165e-06
7445.223,2.6376330621e-06
7445.224,2.62811746739e-06
7445.225,2.61881972422e-06
7445.226,2.60973801579e-06
7445.227,2.6008705722e-06
7445.228,2.5922156708e-06
7445.229,2.58377163641e-06
7445.23,2.57553684152e-06
7445.231,2.56750970646e-06
7445.232,2.55968869957e-06
7445.233,2.55207233732e-06
7445.234,2.54465918449e-06
7445.235,2.53744785437e-06
7445.236,2.53043700897e-06
7445.237,2.52362535931e-06
7445.238,2.51701166574e-06
7445.239,2.51059473828e-06
7445.24,2.50437343713e-06
7445.241,2.49834667307e-06
7445.242,2.49251340808e-06
7445.243,2.48687265589e-06
7445.244,2.48142348264e-06
7445.245,2.47616500758e-06
7445.246,2.47109640376e-06
7445.247,2.46621689886e-06
7445.248,2.46152577594e-06
7445.249,2.4570223743e-06
7445.25,2.45270609031e-06
7445.251,2.44857637835e-06
7445.252,2.44463275166e-06
7445.253,2.44087478333e-06
7445.254,2.43730210724e-06
7445.255,2.43391441907e-06
7445.256,2.43071147733e-06
7445.257,2.42769310443e-06
7445.258,2.42485918777e-06
7445.259,2.42220968094e-06
7445.26,2.41974460483e-06
7445.261,2.41746404899e-06
7445.262,2.41536817286e-06
7445.263,2.41345720719e-06
7445.264,2.41173145545e-06
7445.265,2.41019129539e-06
7445.266,2.40883718062e-06
7445.267,2.40766964228e-06
7445.268,2.40668929084e-06
7445.269,2.40589681796e-06
7445.27,2.40529299845e-06
7445.271,2.40487869239e-06
7445.272,2.40465484731e-06
7445.273,2.40462250048e-06
7445.274,2.40478278142e-06
7445.275,2.40513691443e-06
7445.276,2.40568622135e-06
7445.277,2.40643212443e-06
7445.278,2.40737614939e-06
7445.279,2.40851992862e-06
7445.28,2.4098652046e-06
7445.281,2.41141383352e-06
7445.282,2.41316778905e-06
7445.283,2.41512916639e-06
7445.284,2.41730018656e-06
7445.285,2.41968320093e-06
7445.286,2.42228069597e-06
7445.287,2.42509529843e-06
7445.288,2.42812978065e-06
7445.289,2.43138706638e-06
7445.29,2.43487023679e-06
7445.291,2.43858253697e-06
7445.292,2.44252738283e-06
7445.293,2.44670836831e-06
7445.294,2.45112927321e-06
7445.295,2.4557940714e-06
7445.296,2.46070693955e-06
7445.297,2.46587226647e-06
7445.298,2.47129466298e-06
7445.299,2.47697897245e-06
7445.3,2.48293028194e-06
7445.301,2.48915393411e-06
7445.302,2.49565553985e-06
7445.303,2.50244099169e-06
7445.304,2.50951647811e-06
7445.305,2.51688849867e-06
7445.306,2.52456388019e-06
7445.307,2.53254979387e-06
7445.308,2.54085377348e-06
7445.309,2.54948373481e-06
7445.31,2.55844799617e-06
7445.311,2.5677553003e-06
7445.312,2.57741483756e-06
7445.313,2.58743627063e-06
7445.314,2.59782976067e-06
7445.315,2.60860599512e-06
7445.316,2.61977621715e-06
7445.317,2.63135225696e-06
7445.318,2.64334656488e-06
7445.319,2.6557722464e-06
7445.32,2.66864309932e-06
7445.321,2.68197365294e-06
7445.322,2.69577920945e-06
7445.323,2.71007588753e-06
7445.324,2.72488066835e-06
7445.325,2.74021144378e-06
7445.326,2.75608706697e-06
7445.327,2.77252740529e-06
7445.328,2.78955339549e-06
7445.329,2.80718710107e-06
7445.33,2.82545177162e-06
7445.331,2.84437190402e-06
7445.332,2.86397330513e-06
7445.333,2.88428315569e-06
7445.334,2.90533007472e-06
7445.335,2.92714418414e-06
7445.336,2.94975717249e-06
7445.337,2.97320235705e-06
7445.338,2.99751474306e-06
7445.339,3.0227310787e-06
7445.34,3.0488899042e-06
7445.341,3.07603159298e-06
7445.342,3.10419838261e-06
7445.343,3.13343439286e-06
7445.344,3.16378562756e-06
7445.345,3.19529995682e-06
7445.346,3.22802707522e-06
7445.347,3.26201843154e-06
7445.348,3.29732712444e-06
7445.349,3.3340077583e-06
7445.35,3.37211625277e-06
7445.351,3.41170959866e-06
7445.352,3.4528455527e-06
7445.353,3.49558226272e-06
7445.354,3.53997781482e-06
7445.355,3.58608969363e-06
7445.356,3.63397414665e-06
7445.357,3.68368544416e-06
7445.358,3.73527502656e-06
7445.359,3.788790532e-06
7445.36,3.84427469865e-06
7445.361,3.9017641381e-06
7445.362,3.96128797883e-06
7445.363,4.02286638234e-06
7445.364,4.08650893841e-06
7445.365,4.15221295107e-06
7445.366,4.2199616324e-06
7445.367,4.28972222768e-06
7445.368,4.36144410252e-06
7445.369,4.43505682972e-06
7445.37,4.51046832163e-06
7445.371,4.58756306097e-06
7445.372,4.66620049033e-06
7445.373,4.7462136268e-06
7445.374,4.82740797272e-06
7445.375,4.90956079681e-06
7445.376,4.99242086031e-06
7445.377,5.07570866029e-06
7445.378,5.15911725712e-06
7445.379,5.24231374337e-06
7445.38,5.32494139892e-06
7445.381,5.40662256029e-06
7445.382,5.48696221221e-06
7445.383,5.56555228648e-06
7445.384,5.64197662789e-06
7445.385,5.71581656072e-06
7445.386,5.7866569621e-06
7445.387,5.85409272349e-06
7445.388,5.91773545771e-06
7445.389,5.97722028966e-06
7445.39,6.03221255415e-06
7445.391,6.08241421568e-06
7445.392,6.12756982325e-06
7445.393,6.16747181902e-06
7445.394,6.20196503273e-06
7445.395,6.23095021472e-06
7445.396,6.25438648731e-06
7445.397,6.27229262754e-06
7445.398,6.28474713141e-06
7445.399,6.29188704968e-06
7445.4,6.29390562591e-06
7445.401,6.29104880731e-06
7445.402,6.28361073508e-06
7445.403,6.27192835353e-06
7445.404,6.25637530276e-06
7445.405,6.23735527859e-06
7445.406,6.21529505454e-06
7445.407,6.1906373633e-06
7445.408,6.1638338303e-06
7445.409,6.13533814002e-06
7445.41,6.10559959679e-06
7445.411,6.07505721866e-06
7445.412,6.04413447562e-06
7445.413,6.01323475415e-06
7445.414,5.98273759988e-06
7445.415,5.95299576126e-06
7445.416,5.92433302939e-06
7445.417,5.89704284497e-06
7445.418,5.87138762285e-06
7445.419,5.847598728e-06
7445.42,5.82587702494e-06
7445.421,5.80639391506e-06
7445.422,5.78929277302e-06
7445.423,5.77469069356e-06
7445.424,5.76268046383e-06
7445.425,5.75333268241e-06
7445.426,5.74669795383e-06
7445.427,5.74280909718e-06
7445.428,5.74168331648e-06
7445.429,5.74332429104e-06
7445.43,5.74772415301e-06
7445.431,5.75486532849e-06
7445.432,5.76472222649e-06
7445.433,5.77726276683e-06
7445.434,5.79244974399e-06
7445.435,5.81024202844e-06
7445.436,5.8305956109e-06
7445.437,5.85346449753e-06
7445.438,5.87880146584e-06
7445.439,5.90655869251e-06
7445.44,5.93668826477e-06
7445.441,5.969142587e-06
7445.442,6.00387469416e-06
7445.443,6.04083848301e-06
7445.444,6.07998887136e-06
7445.445,6.12128189505e-06
7445.446,6.16467475104e-06
7445.447,6.21012579449e-06
7445.448,6.25759449682e-06
7445.449,6.30704137059e-06
7445.45,6.35842786668e-06
7445.451,6.41171624828e-06
7445.452,6.46686944564e-06
7445.453,6.52385089503e-06
7445.454,6.58262436471e-06
7445.455,6.64315377054e-06
7445.456,6.70540298311e-06
7445.457,6.76933562847e-06
7445.458,6.83491488376e-06
7445.459,6.9021032693e-06
7445.46,6.97086243826e-06
7445.461,7.04115296496e-06
7445.462,7.1129341329e-06
7445.463,7.18616372344e-06
7445.464,7.26079780599e-06
7445.465,7.33679053077e-06
7445.466,7.41409392501e-06
7445.467,7.4926576935e-06
7445.468,7.57242902473e-06
7445.469,7.65335240345e-06
7445.47,7.735369431e-06
7445.471,7.81841865452e-06
7445.472,7.90243540636e-06
7445.473,7.98735165503e-06
7445.474,8.07309586925e-06
7445.475,8.15959289634e-06
7445.476,8.24676385685e-06
7445.477,8.33452605667e-06
7445.478,8.42279291857e-06
7445.479,8.51147393464e-06
7445.48,8.60047464133e-06
7445.481,8.68969661881e-06
7445.482,8.77903751611e-06
7445.483,8.86839110374e-06
7445.484,8.95764735507e-06
7445.485,9.046692558e-06
7445.486,9.13540945789e-06
7445.487,9.22367743297e-06
7445.488,9.31137270283e-06
7445.489,9.39836857078e-06
7445.49,9.48453570024e-06
7445.491,9.56974242519e-06
7445.492,9.6538550945e-06
7445.493,9.73673844935e-06
7445.494,9.81825603292e-06
7445.495,9.89827063082e-06
7445.496,9.97664474061e-06
7445.497,1.00532410683e-05
7445.498,1.01279230493e-05
7445.499,1.02005553905e-05
7445.5,1.02710046313e-05
7445.501,1.03391397182e-05
7445.502,1.04048325912e-05
7445.503,1.04679587751e-05
7445.504,1.05283979743e-05
7445.505,1.0586034663e-05
7445.506,1.0640758669e-05
7445.507,1.06924657439e-05
7445.508,1.07410581159e-05
7445.509,1.07864450194e-05
7445.51,1.08285431975e-05
7445.511,1.08672773712e-05
7445.512,1.09025806724e-05
7445.513,1.09343950349e-05
7445.514,1.09626715406e-05
7445.515,1.09873707165e-05
7445.516,1.1008462781e-05
7445.517,1.10259278343e-05
7445.518,1.10397559943e-05
7445.519,1.10499474729e-05
7445.52,1.10565125957e-05
7445.521,1.10594717613e-05
7445.522,1.10588553437e-05
7445.523,1.10547035359e-05
7445.524,1.10470661395e-05
7445.525,1.10360022995e-05
7445.526,1.10215801888e-05
7445.527,1.10038766451e-05
7445.528,1.09829767642e-05
7445.529,1.09589734523e-05
7445.53,1.09319669443e-05
7445.531,1.09020642896e-05
7445.532,1.0869378813e-05
7445.533,1.08340295536e-05
7445.534,1.07961406878e-05
7445.535,1.07558409411e-05
7445.536,1.07132629937e-05
7445.537,1.06685428843e-05
7445.538,1.06218194175e-05
7445.539,1.05732335783e-05
7445.54,1.05229279584e-05
7445.541,1.04710461986e-05
7445.542,1.04177324487e-05
7445.543,1.03631308512e-05
7445.544,1.03073850485e-05
7445.545,1.02506377177e-05
7445.546,1.01930301344e-05
7445.547,1.01347017671e-05
7445.548,1.00757899035e-05
7445.549,1.00164293092e-05
7445.55,9.95675191933e-06
7445.551,9.89688656358e-06
7445.552,9.83695872383e-06
7445.553,9.77709032434e-06
7445.554,9.71739955355e-06
7445.555,9.6580007165e-06
7445.556,9.59900411683e-06
7445.557,9.54051596682e-06
7445.558,9.48263832415e-06
7445.559,9.42546905362e-06
7445.56,9.3691018123e-06
7445.561,9.31362605622e-06
7445.562,9.25912706689e-06
7445.563,9.20568599581e-06
7445.564,9.15337992514e-06
7445.565,9.10228194285e-06
7445.566,9.05246123047e-06
7445.567,9.00398316179e-06
7445.568,8.95690941098e-06
7445.569,8.9112980683e-06
7445.57,8.8672037622e-06
7445.571,8.82467778616e-06
7445.572,8.78376822903e-06
7445.573,8.74452010771e-06
7445.574,8.70697550077e-06
7445.575,8.67117368221e-06
7445.576,8.63715125415e-06
7445.577,8.60494227769e-06
7445.578,8.57457840103e-06
7445.579,8.54608898413e-06
7445.58,8.51950121921e-06
7445.581,8.49484024651e-06
7445.582,8.47212926476e-06
7445.583,8.45138963577e-06
7445.584,8.43264098293e-06
7445.585,8.41590128292e-06
7445.586,8.40118695062e-06
7445.587,8.3885129166e-06
7445.588,8.37789269722e-06
7445.589,8.36933845683e-06
7445.59,8.36286106209e-06
7445.591,8.35847012807e-06
7445.592,8.35617405606e-06
7445.593,8.35598006289e-06
7445.594,8.35789420169e-06
7445.595,8.36192137391e-06
7445.596,8.36806533263e-06
7445.597,8.37632867691e-06
7445.598,8.38671283722e-06
7445.599,8.39921805194e-06
7445.6,8.41384333474e-06
7445.601,8.43058643294e-06
7445.602,8.4494437768e-06
7445.603,8.47041041975e-06
7445.604,8.49347996959e-06
7445.605,8.51864451071e-06
7445.606,8.54589451745e-06
7445.607,8.57521875863e-06
7445.608,8.6066041936e-06
7445.609,8.64003585969e-06
7445.61,8.67549675163e-06
7445.611,8.71296769305e-06
7445.612,8.75242720044e-06
7445.613,8.79385134003e-06
7445.614,8.83721357807e-06
7445.615,8.88248462511e-06
7445.616,8.92963227484e-06
7445.617,8.97862123842e-06
7445.618,9.02941297494e-06
7445.619,9.08196551915e-06
7445.62,9.13623330744e-06
7445.621,9.19216700324e-06
7445.622,9.24971332318e-06
7445.623,9.30881486543e-06
7445.624,9.36940994175e-06
7445.625,9.43143241491e-06
7445.626,9.49481154334e-06
7445.627,9.55947183482e-06
7445.628,9.62533291134e-06
7445.629,9.69230938713e-06
7445.63,9.76031076219e-06
7445.631,9.82924133363e-06
7445.632,9.899000127e-06
7445.633,9.96948085023e-06
7445.634,1.00405718725e-05
7445.635,1.01121562303e-05
7445.636,1.01841116636e-05
7445.637,1.02563106833e-05
7445.638,1.03286206737e-05
7445.639,1.04009040308e-05
7445.64,1.04730183387e-05
7445.641,1.05448165859e-05
7445.642,1.06161474229e-05
7445.643,1.06868554617e-05
7445.644,1.07567816184e-05
7445.645,1.08257634997e-05
7445.646,1.08936358317e-05
7445.647,1.0960230932e-05
7445.648,1.10253792235e-05
7445.649,1.10889097882e-05
7445.65,1.11506509589e-05
7445.651,1.12104309472e-05
7445.652,1.12680785028e-05
7445.653,1.13234236022e-05
7445.654,1.13762981614e-05
7445.655,1.14265367688e-05
7445.656,1.14739774321e-05
7445.657,1.1518462335e-05
7445.658,1.15598385959e-05
7445.659,1.15979590239e-05
7445.66,1.16326828653e-05
7445.661,1.16638765334e-05
7445.662,1.16914143148e-05
7445.663,1.17151790466e-05
7445.664,1.17350627569e-05
7445.665,1.17509672621e-05
7445.666,1.17628047165e-05
7445.667,1.17704981059e-05
7445.668,1.17739816825e-05
7445.669,1.17732013352e-05
7445.67,1.17681148912e-05
7445.671,1.17586923468e-05
7445.672,1.17449160228e-05
7445.673,1.17267806452e-05
7445.674,1.17042933482e-05
7445.675,1.16774736012e-05
7445.676,1.16463530585e-05
7445.677,1.16109753359e-05
7445.678,1.15713957143e-05
7445.679,1.15276807749e-05
7445.68,1.14799079688e-05
7445.681,1.14281651276e-05
7445.682,1.13725499166e-05
7445.683,1.13131692405e-05
7445.684,1.12501386038e-05
7445.685,1.11835814346e-05
7445.686,1.11136283777e-05
7445.687,1.10404165634e-05
7445.688,1.09640888589e-05
7445.689,1.08847931094e-05
7445.69,1.08026813746e-05
7445.691,1.07179091677e-05
7445.692,1.06306347025e-05
7445.693,1.05410181542e-05
7445.694,1.04492209391e-05
7445.695,1.03554050189e-05
7445.696,1.02597322325e-05
7445.697,1.01623636594e-05
7445.698,1.00634590194e-05
7445.699,9.96317610901e-06
7445.7,9.86167027851e-06
7445.701,9.7590939503e-06
7445.702,9.65559618016e-06
7445.703,9.55132226179e-06
7445.704,9.44641337482e-06
7445.705,9.34100627608e-06
7445.706,9.23523303339e-06
7445.707,9.12922080096e-06
7445.708,9.02309163495e-06
7445.709,8.91696234771e-06
7445.71,8.81094439875e-06
7445.711,8.70514382067e-06
7445.712,8.59966117756e-06
7445.713,8.49459155391e-06
7445.714,8.39002457156e-06
7445.715,8.28604443232e-06
7445.716,8.18272998395e-06
7445.717,8.08015480696e-06
7445.718,7.97838732021e-06
7445.719,7.87749090269e-06
7445.72,7.77752402959e-06
7445.721,7.67854042039e-06
7445.722,7.58058919705e-06
7445.723,7.4837150505e-06
7445.724,7.38795841345e-06
7445.725,7.29335563822e-06
7445.726,7.19993917784e-06
7445.727,7.1077377691e-06
7445.728,7.01677661647e-06
7445.729,6.9270775755e-06
7445.73,6.83865933495e-06
7445.731,6.75153759665e-06
7445.732,6.66572525231e-06
7445.733,6.58123255667e-06
7445.734,6.49806729642e-06
7445.735,6.41623495433e-06
7445.736,6.3357388683e-06
7445.737,6.25658038503e-06
7445.738,6.17875900793e-06
7445.739,6.10227253922e-06
7445.74,6.02711721612e-06
7445.741,5.95328784095e-06
7445.742,5.88077790521e-06
7445.743,5.80957970762e-06
7445.744,5.73968446627e-06
7445.745,5.67108242478e-06
7445.746,5.60376295278e-06
7445.747,5.53771464076e-06
7445.748,5.47292538943e-06
7445.749,5.40938249378e-06
7445.75,5.34707272204e-06
7445.751,5.28598238971e-06
7445.752,5.22609742884e-06
7445.753,5.1674034528e-06
7445.754,5.10988581671e-06
7445.755,5.05352967372e-06
7445.756,4.99832002741e-06
7445.757,4.94424178043e-06
7445.758,4.89127977961e-06
7445.759,4.83941885768e-06
7445.76,4.78864387193e-06
7445.761,4.73893973977e-06
7445.762,4.69029147155e-06
7445.763,4.64268420069e-06
7445.764,4.5961032113e-06
7445.765,4.55053396348e-06
7445.766,4.50596211638e-06
7445.767,4.46237354916e-06
7445.768,4.41975438002e-06
7445.769,4.3780909833e-06
7445.77,4.33737000491e-06
7445.771,4.29757837599e-06
7445.772,4.25870332508e-06
7445.773,4.22073238868e-06
7445.774,4.18365342042e-06
7445.775,4.14745459879e-06
7445.776,4.1121244335e-06
7445.777,4.07765177052e-06
7445.778,4.04402579574e-06
7445.779,4.01123603742e-06
7445.78,3.9792723672e-06
7445.781,3.94812499984e-06
7445.782,3.91778449157e-06
7445.783,3.88824173701e-06
7445.784,3.85948796468e-06
7445.785,3.83151473089e-06
7445.786,3.80431391206e-06
7445.787,3.77787769534e-06
7445.788,3.75219856737e-06
7445.789,3.72726930112e-06
7445.79,3.70308294064e-06
7445.791,3.67963278358e-06
7445.792,3.65691236135e-06
7445.793,3.63491541664e-06
7445.794,3.6136358783e-06
7445.795,3.59306783321e-06
7445.796,3.57320549505e-06
7445.797,3.55404316974e-06
7445.798,3.53557521727e-06
7445.799,3.51779600995e-06
7445.8,3.50069988655e-06
7445.801,3.48428110246e-06
7445.802,3.4685337755e-06
7445.803,3.45345182739e-06
7445.804,3.43902892066e-06
7445.805,3.42525839099e-06
7445.806,3.41213317499e-06
7445.807,3.39964573347e-06
7445.808,3.38778797023e-06
7445.809,3.37655114678e-06
7445.81,3.36592579303e-06
7445.811,3.35590161467e-06
7445.812,3.34646739748e-06
7445.813,3.33761090948e-06
7445.814,3.32931880159e-06
7445.815,3.32157650783e-06
7445.816,3.31436814615e-06
7445.817,3.30767642122e-06
7445.818,3.30148253059e-06
7445.819,3.29576607585e-06
7445.82,3.29050498055e-06
7445.821,3.28567541681e-06
7445.822,3.28125174253e-06
7445.823,3.27720645153e-06
7445.824,3.27351013848e-06
7445.825,3.27013148117e-06
7445.826,3.26703724193e-06
7445.827,3.26419229058e-06
7445.828,3.26155965071e-06
7445.829,3.25910057105e-06
7445.83,3.2567746235e-06
7445.831,3.25453982892e-06
7445.832,3.25235281156e-06
7445.833,3.25016898226e-06
7445.834,3.2479427505e-06
7445.835,3.24562776438e-06
7445.836,3.24317717725e-06
7445.837,3.24054393908e-06
7445.838,3.23768110994e-06
7445.839,3.23454219247e-06
7445.84,3.23108147951e-06
7445.841,3.22725441261e-06
7445.842,3.2230179465e-06
7445.843,3.21833091455e-06
7445.844,3.21315438943e-06
7445.845,3.20745203347e-06
7445.846,3.20119043297e-06
7445.847,3.19433941065e-06
7445.848,3.18687231096e-06
7445.849,3.17876625293e-06
7445.85,3.17000234619e-06
7445.851,3.16056586588e-06
7445.852,3.15044638329e-06
7445.853,3.13963784977e-06
7445.854,3.12813863205e-06
7445.855,3.11595149857e-06
7445.856,3.10308355685e-06
7445.857,3.08954614304e-06
7445.858,3.07535466593e-06
7445.859,3.0605284081e-06
7445.86,3.04509028796e-06
7445.861,3.02906658714e-06
7445.862,3.01248664789e-06
7445.863,2.99538254595e-06
7445.864,2.97778874444e-06
7445.865,2.95974173447e-06
7445.866,2.9412796682e-06
7445.867,2.92244199e-06
7445.868,2.90326907107e-06
7445.869,2.8838018525e-06
7445.87,2.86408150136e-06
7445.871,2.84414908396e-06
7445.872,2.82404525965e-06
7445.873,2.80380999808e-06
7445.874,2.78348232229e-06
7445.875,2.76310007905e-06
7445.876,2.74269973774e-06
7445.877,2.72231621795e-06
7445.878,2.70198274601e-06
7445.879,2.68173073959e-06
7445.88,2.66158971966e-06
7445.881,2.64158724828e-06
7445.882,2.62174889067e-06
7445.883,2.60209819969e-06
7445.884,2.58265672063e-06
7445.885,2.56344401435e-06
7445.886,2.54447769631e-06
7445.887,2.52577348964e-06
7445.888,2.50734528976e-06
7445.889,2.48920523872e-06
7445.89,2.47136380728e-06
7445.891,2.45382988267e-06
7445.892,2.4366108607e-06
7445.893,2.41971274035e-06
7445.894,2.40314021966e-06
7445.895,2.38689679172e-06
7445.896,2.37098483957e-06
7445.897,2.35540572932e-06
7445.898,2.34015990053e-06
7445.899,2.3252469535e-06
7445.9,2.31066573275e-06
7445.901,2.29641440651e-06
7445.902,2.28249054191e-06
7445.903,2.26889117564e-06
7445.904,2.25561288016e-06
7445.905,2.24265182524e-06
7445.906,2.23000383508e-06
7445.907,2.21766444094e-06
7445.908,2.20562892951e-06
7445.909,2.19389238713e-06
7445.91,2.1824497401e-06
7445.911,2.17129579118e-06
7445.912,2.16042525261e-06
7445.913,2.14983277577e-06
7445.914,2.13951297782e-06
7445.915,2.12946046536e-06
7445.916,2.11966985549e-06
7445.917,2.11013579444e-06
7445.918,2.10085297387e-06
7445.919,2.09181614518e-06
7445.92,2.08302013192e-06
7445.921,2.07445984044e-06
7445.922,2.06613026908e-06
7445.923,2.05802651582e-06
7445.924,2.05014378479e-06
7445.925,2.04247739149e-06
7445.926,2.035022767e-06
7445.927,2.02777546124e-06
7445.928,2.02073114529e-06
7445.929,2.01388561286e-06
7445.93,2.00723478104e-06
7445.931,2.00077469022e-06
7445.932,1.99450150331e-06
7445.933,1.9884115042e-06
7445.934,1.98250109551e-06
7445.935,1.97676679557e-06
7445.936,1.9712052346e-06
7445.937,1.96581315014e-06
7445.938,1.96058738153e-06
7445.939,1.95552486364e-06
7445.94,1.95062261957e-06
7445.941,1.94587775256e-06
7445.942,1.94128743695e-06
7445.943,1.93684890828e-06
7445.944,1.93255945272e-06
7445.945,1.92841639577e-06
7445.946,1.92441709064e-06
7445.947,1.92055890641e-06
7445.948,1.91683921631e-06
7445.949,1.91325538653e-06
7445.95,1.90980476599e-06
7445.951,1.90648467752e-06
7445.952,1.90329241084e-06
7445.953,1.90022521809e-06
7445.954,1.89728031208e-06
7445.955,1.89445486788e-06
7445.956,1.89174602799e-06
7445.957,1.88915091133e-06
7445.958,1.88666662608e-06
7445.959,1.88429028631e-06
7445.96,1.88201903211e-06
7445.961,1.8798500527e-06
7445.962,1.87778061201e-06
7445.963,1.87580807576e-06
7445.964,1.8739299392e-06
7445.965,1.87214385448e-06
7445.966,1.87044765649e-06
7445.967,1.86883938623e-06
7445.968,1.8673173106e-06
7445.969,1.86587993772e-06
7445.97,1.86452602721e-06
7445.971,1.86325459478e-06
7445.972,1.86206491088e-06
7445.973,1.86095649359e-06
7445.974,1.85992909578e-06
7445.975,1.85898268716e-06
7445.976,1.85811743198e-06
7445.977,1.85733366311e-06
7445.978,1.8566318537e-06
7445.979,1.85601258729e-06
7445.98,1.85547652761e-06
7445.981,1.85502438897e-06
7445.982,1.85465690831e-06
7445.983,1.85437481956e-06
7445.984,1.85417883108e-06
7445.985,1.85406960657e-06
7445.986,1.85404774971e-06
7445.987,1.85411379275e-06
7445.988,1.85426818874e-06
7445.989,1.85451130751e-06
7445.99,1.85484343476e-06
7445.991,1.85526477404e-06
7445.992,1.85577545111e-06
7445.993,1.85637552016e-06
7445.994,1.85706497143e-06
7445.995,1.85784373975e-06
7445.996,1.85871171359e-06
7445.997,1.85966874427e-06
7445.998,1.86071465501e-06
7445.999,1.86184924957e-06
